1 0.801809 0.0793269 0.128289 0.158654 0.25034
1 0.305099 0.245192 0.09375 0.123077 0.257393
1 0.238487 0.10625 0.151316 0.110577 0.2684
1 0.436678 0.129327 0.148026 0.193269 0.291616
0 0.453125 0.136538 0.161184 0.194231 0.311859
1 0.613898 0.0605769 0.162007 0.121154 0.332522
0 0.0209704 0.216346 0.0419408 0.178846 0.348256
0 0.911595 0.719712 0.0600329 0.0951923 0.359476
0 0.254523 0.941346 0.14227 0.1 0.369646
0 0.77097 0.684615 0.104441 0.115385 0.378893
0 0.926398 0.486538 0.0912829 0.203846 0.379685
0 0.913651 0.160096 0.139803 0.104808 0.382203
0 0.700247 0.833173 0.125822 0.0951923 0.400834
0 0.53125 0.965385 0.118421 0.0692308 0.408165
0 0.519326 0.904327 0.0962171 0.0778846 0.41454
0 0.755345 0.594712 0.0847039 0.0855769 0.431852
0 0.363898 0.242308 0.0962171 0.151923 0.441394
0 0.873355 0.958173 0.115132 0.0778846 0.449634
0 0.187911 0.281731 0.119243 0.113462 0.460949
0 0.306332 0.244231 0.101151 0.123077 0.469586
0 0.639803 0.594231 0.139803 0.103846 0.496707
0 0.244655 0.107212 0.148849 0.106731 0.497465
0 0.418174 0.663942 0.0847039 0.0990385 0.510585
0 0.0830592 0.233654 0.0707237 0.0807692 0.516655
0 0.208059 0.436058 0.184211 0.206731 0.523578
0 0.506579 0.666827 0.121711 0.131731 0.547426
0 0.590049 0.407692 0.26398 0.392308 0.557612
0 0.0830592 0.917788 0.15625 0.150962 0.564448
0 0.639391 0.764904 0.0978618 0.108654 0.566873
0 0.277961 0.6125 0.1875 0.178846 0.569777
0 0.0871711 0.675 0.136513 0.180769 0.617885
0 0.56949 0.833654 0.0912829 0.103846 0.661328
0 0.0641447 0.377404 0.128289 0.172115 0.671771
0 0.375 0.836058 0.217105 0.283654 0.732564
