0 0.95847 0.695673 0.078125 0.0990385 0.252971
0 0.594572 0.422596 0.0888158 0.0951923 0.260379
0 0.801398 0.299519 0.160362 0.181731 0.262672
0 0.896793 0.932212 0.0847039 0.0894231 0.270124
0 0.810444 0.410096 0.114309 0.0932692 0.276314
0 0.346628 0.35 0.0879934 0.0884615 0.284674
0 0.209704 0.0855769 0.0756579 0.0692308 0.316819
0 0.965461 0.195192 0.0690789 0.159615 0.318146
0 0.438734 0.0682692 0.166941 0.134615 0.323547
0 0.715872 0.0903846 0.211349 0.180769 0.331652
0 0.119243 0.378846 0.169408 0.134615 0.346565
0 0.292763 0.282212 0.0723684 0.0894231 0.348284
0 0.450247 0.934615 0.124178 0.105769 0.361179
0 0.0740132 0.698077 0.133224 0.115385 0.41747
0 0.460526 0.757692 0.169408 0.132692 0.436443
0 0.546053 0.623077 0.121711 0.125 0.447499
0 0.962993 0.936538 0.0740132 0.126923 0.450139
0 0.133635 0.0572115 0.0764803 0.0759615 0.465877
0 0.0625 0.917308 0.125 0.153846 0.468292
0 0.724095 0.638942 0.0962171 0.116346 0.47732
0 0.540707 0.935577 0.115954 0.0634615 0.480542
0 0.234786 0.228846 0.11102 0.130769 0.497079
0 0.33347 0.929808 0.189967 0.134615 0.518162
0 0.608141 0.513462 0.124178 0.153846 0.541413
0 0.138569 0.507692 0.252467 0.336538 0.544971
0 0.959704 0.376923 0.0805921 0.151923 0.614631
0 0.657895 0.251923 0.258224 0.278846 0.632996
0 0.330592 0.0956731 0.118421 0.1875 0.633132
0 0.215872 0.803846 0.176809 0.288462 0.639724
0 0.886513 0.681731 0.0822368 0.146154 0.639989
0 0.412007 0.435577 0.172697 0.130769 0.655917
0 0.784539 0.698077 0.134868 0.111538 0.701688
0 0.83676 0.549038 0.158717 0.198077 0.707177
0 0.815378 0.836058 0.188322 0.177885 0.710731
0 0.415707 0.648077 0.199836 0.165385 0.751585
