0 0.419819 0.858654 0.0945724 0.0673077 0.258943
0 0.0645559 0.794231 0.0731908 0.0903846 0.274003
0 0.587582 0.553365 0.0945724 0.0951923 0.27651
1 0.893914 0.708654 0.143092 0.284615 0.278291
0 0.113076 0.913942 0.0995066 0.0567308 0.283821
0 0.892681 0.705288 0.153783 0.270192 0.290887
0 0.466283 0.51875 0.0970395 0.0682692 0.296667
0 0.763158 0.639904 0.0871711 0.0990385 0.297222
0 0.879934 0.777885 0.138158 0.167308 0.310048
0 0.691201 0.761538 0.0912829 0.0519231 0.3235
1 0.0785362 0.793269 0.11102 0.103846 0.323938
0 0.229852 0.289904 0.0764803 0.102885 0.348032
0 0.693257 0.486058 0.0986842 0.0855769 0.367423
0 0.961349 0.137019 0.0756579 0.106731 0.374197
0 0.865954 0.493269 0.121711 0.15 0.382151
0 0.493421 0.897596 0.131579 0.1125 0.41482
1 0.851151 0.340385 0.103618 0.115385 0.42447
0 0.27097 0.125 0.0879934 0.115385 0.453607
0 0.306332 0.554327 0.124178 0.102885 0.476582
0 0.171464 0.398558 0.0962171 0.108654 0.491799
0 0.614309 0.434135 0.0805921 0.154808 0.514131
0 0.696546 0.857212 0.251645 0.172115 0.528108
0 0.511102 0.402404 0.0748355 0.0913462 0.539295
0 0.221628 0.144231 0.132401 0.123077 0.550718
0 0.0805921 0.0456731 0.152961 0.0913462 0.572802
0 0.0431743 0.526442 0.0814145 0.0951923 0.585307
0 0.463816 0.725481 0.207237 0.149038 0.607609
0 0.659539 0.0923077 0.177632 0.157692 0.617603
0 0.51727 0.223077 0.152961 0.242308 0.626588
0 0.414062 0.398077 0.0912829 0.107692 0.634697
0 0.137336 0.5 0.139803 0.125 0.643292
0 0.168997 0.633654 0.14227 0.146154 0.645838
0 0.450658 0.600962 0.1875 0.132692 0.680699
0 0.287418 0.38125 0.13898 0.154808 0.755383
