1 0.786184 0.783654 0.256579 0.215385 0.253145
0 0.0559211 0.660096 0.0608553 0.0951923 0.266542
0 0.75699 0.0509615 0.171875 0.0884615 0.269851
1 0.495477 0.797596 0.194901 0.199038 0.275459
0 0.94778 0.130769 0.0929276 0.169231 0.279538
0 0.337582 0.0596154 0.115954 0.0730769 0.280144
1 0.73273 0.488942 0.105263 0.124038 0.296737
0 0.0460526 0.0254808 0.0921053 0.0509615 0.297259
0 0.459293 0.687019 0.11102 0.0932692 0.302871
0 0.735609 0.486058 0.0995066 0.125962 0.30795
1 0.972862 0.923077 0.0542763 0.0576923 0.316693
0 0.0382401 0.475 0.0583882 0.115385 0.318612
0 0.161595 0.04375 0.189967 0.0875 0.323805
0 0.386924 0.903365 0.0847039 0.0894231 0.336569
0 0.904605 0.935096 0.0690789 0.0913462 0.339668
0 0.235197 0.450481 0.152961 0.179808 0.3405
0 0.255757 0.748077 0.159539 0.115385 0.341709
0 0.106086 0.533654 0.108553 0.105769 0.355482
1 0.606497 0.703846 0.0764803 0.0884615 0.364307
1 0.0978618 0.529808 0.115132 0.115385 0.366215
1 0.952303 0.397115 0.0953947 0.136538 0.389914
0 0.921464 0.541346 0.11102 0.111538 0.390912
0 0.272204 0.6375 0.0805921 0.075 0.40398
0 0.856497 0.587981 0.135691 0.1125 0.420049
0 0.553865 0.1 0.153783 0.192308 0.430026
0 0.761102 0.919712 0.106086 0.0798077 0.434304
0 0.178043 0.154327 0.0715461 0.122115 0.444326
1 0.903372 0.928365 0.0879934 0.0951923 0.461897
1 0.638569 0.80625 0.0978618 0.124038 0.475755
0 0.499178 0.372115 0.111842 0.140385 0.481484
0 0.469984 0.498077 0.119243 0.140385 0.48378
0 0.117188 0.238942 0.17352 0.135577 0.488974
0 0.793997 0.3875 0.153783 0.126923 0.514552
0 0.683799 0.145673 0.163651 0.150962 0.534973
0 0.731497 0.65 0.176809 0.134615 0.535982
0 0.327714 0.495192 0.239309 0.244231 0.54082
1 0.25699 0.934135 0.0978618 0.0682692 0.558996
1 0.241776 0.75 0.182566 0.126923 0.571578
0 0.10403 0.886058 0.208059 0.170192 0.573662
0 0.344572 0.246635 0.241776 0.335577 0.59774
0 0.0666118 0.138942 0.129934 0.100962 0.606168
0 0.0921053 0.3625 0.125 0.165385 0.615345
0 0.502056 0.803846 0.20477 0.223077 0.633675
0 0.809622 0.785096 0.249178 0.222115 0.655419
0 0.95477 0.396635 0.0904605 0.1375 0.665613
0 0.625 0.408173 0.162829 0.175962 0.719505
0 0.825247 0.202885 0.219572 0.271154 0.720514
