0 0.026655487735454165 0.0579545 0.039150255420678105 0.05 0.585513
0 0.11911661866889911 0.0315341 0.04248221012976141 0.0471591 0.630018
0 0.03456887392214316 0.2042615 0.037484303055671825 0.03352275 0.681956
0 0.448770572624529 0.365909 0.05539330347425701 0.04772725 0.696475
0 0.017909150355797404 0.397443 0.03581835069066555 0.0585225 0.704196
0 0.1195334441188782 0.3767045 0.03581835069066555 0.05 0.712612
0 0.14264876433654247 0.184091 0.04206573453327752 0.05227249999999999 0.727907
0 0.293210714943491 0.1678975 0.0508122218501465 0.072159 0.750192
0 0.46376429384679785 0.1576705 0.05372750104646295 0.0551135 0.758063
0 0.27196960987861024 0.3602275 0.053311175387191295 0.055682 0.767691
0 0.7519766019254919 0.0130682 0.03873377982419422 0.025 0.326208
0 0.9827134784428633 0.22585249999999998 0.033735872750104645 0.0369318 0.423266
0 0.8829637496860611 0.04261365000000001 0.03082044361657597 0.0465909 0.532024
0 0.9752166178317287 0.0673295 0.03456887392214316 0.049431800000000005 0.603877
0 0.9221138551695269 0.209943 0.03165339480954374 0.03238635 0.66545
0 0.7986240678107995 0.18380699999999997 0.030403918041021345 0.03238635 0.686625
0 0.6378578903306823 0.16477250000000002 0.050395396400167436 0.0602275 0.709182
0 0.9160748840519046 0.377841 0.05372750104646295 0.059091 0.742057
0 0.6370247392214315 0.3610795 0.058725408120552526 0.0585225 0.766226
0 0.4146178744244453 0.984375 0.0520616986186689 0.03011365 0.352438
0 0.11661766513185433 0.9397725 0.04331521130179992 0.0625 0.64583
0 0.2890454591879447 0.796591 0.036651301883633323 0.03863635 0.665599
0 0.016034935203013814 0.5676135 0.032069920385098365 0.04772725 0.66781
0 0.023115320217664295 0.772443 0.04206573453327752 0.03352275 0.678417
0 0.033735872750104645 0.9178974999999999 0.032486395981582254 0.03579545 0.702887
0 0.4381500200920887 0.5960225 0.056642780242779404 0.0636365 0.729394
0 0.26593013897028045 0.5926135 0.061224361657597315 0.068182 0.74666
0 0.1124529091670155 0.5769885 0.04914606956885726 0.0585225 0.78044
0 0.45460113101716204 0.8241474999999999 0.05622645458350775 0.0607955 0.784762
0 0.13077873503557974 0.784659 0.04914606956885726 0.065909 0.79744
0 0.6211983666806195 0.5960225 0.04456468807032231 0.04204545 0.51294
0 0.9718845131854331 0.9369319999999999 0.03706782745918795 0.05227249999999999 0.560312
0 0.7342760142318963 0.9795455000000001 0.049979070740895776 0.03636365 0.575446
0 0.8785905809962328 0.9681819999999999 0.04289868572624529 0.045454549999999996 0.661812
0 0.914408581833403 0.5951705 0.04123273336123902 0.05625 0.689033
0 0.9044127676852238 0.78125 0.04289868572624529 0.04886365 0.758178
0 0.786961951444119 0.6022725 0.05789225701130181 0.065909 0.758583
0 0.7859208874005861 0.8139204999999999 0.04414816249476768 0.0551135 0.770494
