0 0.50690105 0.2575825 0.0138021 0.0436581 0.521322
0 0.813672 0.163373 0.02578125 0.04733455 0.546937
0 0.8890625 0.48506450000000007 0.025 0.0298713 0.632895
0 0.8265625 0.454274 0.03072915 0.04733455 0.648985
0 0.8360675000000001 0.308364 0.02734375 0.0321691 0.675317
0 0.6152345 0.4340535 0.0440104 0.058364 0.677359
0 0.710547 0.1245405 0.0325521 0.0477941 0.689089
0 0.5963539999999999 0.107307 0.04010415 0.0482537 0.699064
0 0.622656 0.2642465 0.046875 0.0579045 0.702582
0 0.8829425000000001 0.186581 0.0268229 0.04319855 0.723772
0 0.7427085000000001 0.2860755 0.028645850000000004 0.0298713 0.73014
0 0.8837240000000001 0.324219 0.02421875 0.02527575 0.774912
0 0.486328 0.2516085 0.02734375 0.04641545 0.521107
0 0.23762999999999998 0.4287685 0.02578125 0.0413603 0.602417
0 0.36237 0.2568935 0.0361979 0.060662 0.630539
0 0.470573 0.102022 0.04010415 0.0514705 0.63957
0 0.23737 0.1316635 0.02578125 0.0436581 0.679962
0 0.254427 0.2681525 0.03385415 0.04733455 0.688933
0 0.1596355 0.4420955 0.034375 0.056066 0.694142
0 0.4778645 0.4326745 0.0375 0.050092 0.694636
0 0.347005 0.420726 0.03984375 0.0556065 0.701629
0 0.1746095 0.278952 0.02734375 0.0321691 0.722428
0 0.350651 0.107537 0.0325521 0.0358456 0.728313
0 0.16888 0.1534925 0.02421875 0.04503675 0.751349
0 0.173698 0.8715535 0.02291665 0.03079045 0.618946
0 0.4747395 0.8108914999999999 0.0453125 0.050092 0.651079
0 0.44505199999999995 0.952895 0.03177085 0.0491728 0.65768
0 0.1609375 0.5831799999999999 0.025 0.046875 0.659772
0 0.3410155 0.6144299999999999 0.04140625 0.0588235 0.693314
0 0.23007800000000003 0.5974265000000001 0.0356771 0.0477941 0.697883
0 0.4671875 0.627298 0.0390625 0.0569855 0.709712
0 0.1665365 0.753217 0.0278646 0.0358456 0.711388
0 0.243099 0.7672335000000001 0.0341146 0.0546875 0.733951
0 0.357552 0.782169 0.02447915 0.0404412 0.735632
0 0.232422 0.8910845000000001 0.0315104 0.055147 0.741832
0 0.818229 0.640855 0.03385415 0.0445772 0.636177
0 0.7233075 0.6410845000000001 0.03828125 0.056066 0.665811
0 0.5613279999999999 0.9634650000000001 0.03515625 0.04273895 0.674969
0 0.8815105 0.6454505 0.02552085 0.04181985 0.681471
0 0.6738280000000001 0.9586395000000001 0.0356771 0.0459559 0.682499
0 0.80625 0.794807 0.03072915 0.04641545 0.682976
0 0.601953 0.6318935 0.02734375 0.0367647 0.685063
0 0.7166665 0.815487 0.03229165 0.050092 0.696412
0 0.7815105 0.9485295000000001 0.03333335 0.04503675 0.70877
0 0.8515625 0.9267005 0.02708335 0.04273895 0.719163
