1 0.17918835827276614 0.653047250852411 0.056141487387772554 0.05381977204091573 0.250578
1 0.24841574861051732 0.7157571904529956 0.04516648157332193 0.05910569605455431 0.261329
1 0.2640340684053014 0.9656354174378958 0.03250299794784096 0.03604013658061374 0.262639
1 0.106584412141941 0.6455988806624452 0.06289559854638735 0.028351583438869947 0.265467
1 0.06036268191534844 0.5225818804676083 0.06416155707567336 0.0389233315148563 0.266595
1 0.033558296579734935 0.6554495801266439 0.03925685921333903 0.04997564539698003 0.268419
0 0.2526369431380932 0.7152764247442767 0.05951854296707995 0.06487238577691183 0.279353
0 0.03208087849508337 0.6561707286897224 0.038834739760581445 0.049495129566488064 0.280417
1 0.01730679760581445 0.5350757918168534 0.0346135952116289 0.06583341743789575 0.314981
0 0.28176298546387346 0.7844737028738431 0.06458387644292433 0.04372868972235752 0.317434
1 0.3440253548525011 0.8500667374573794 0.04474436212056434 0.04420920555284949 0.317685
1 0.22140030354852502 0.6542486653677544 0.05698562633604104 0.05910569605455431 0.319493
1 0.114815891406584 0.8539108641013152 0.06331741812740486 0.0691972781295665 0.327443
1 0.3940459602394186 0.6991782698490014 0.04769919828986747 0.0490145637603507 0.335663
1 0.2842954023086789 0.7126337126156843 0.07471454339461307 0.0768855314174379 0.33654
1 0.290416284309534 0.8491052060399416 0.05571916802052159 0.04805348212372138 0.339629
1 0.2842954023086789 0.7955258168533853 0.05698562633604104 0.06679444909887969 0.340313
1 0.1929074903805045 0.6215720896249392 0.051498473279179134 0.031234778373112518 0.347382
1 0.1335998572039333 0.7414656619581101 0.06036268191534844 0.03844281568436434 0.362749
1 0.4877558790081231 0.6460791466147102 0.024060658871312528 0.0427676080857282 0.370549
1 0.24377223471569048 0.6150847510959572 0.040945337024369394 0.03459853911349245 0.37755
0 0.29252688157332196 0.8512676522162689 0.048965556648140236 0.04757296629322942 0.378749
1 0.27078767977768275 0.9324780759863613 0.04432224266780675 0.03700121821724306 0.391067
1 0.3921462727661394 0.7765445669751584 0.03630202304403591 0.04132601061860691 0.409443
1 0.41451870371953825 0.7145557759376523 0.04474436212056434 0.04132601061860691 0.418902
1 0.48543437195382644 0.7263285387238188 0.02870392287302266 0.034117973307355096 0.433707
1 0.40734277297990595 0.8961977564539698 0.05571916802052159 0.06343058840720897 0.437833
1 0.35901044548952543 0.6379101276181198 0.06796093202223172 0.06391135411592791 0.453445
1 0.057197035912783245 0.7539595733073551 0.05782976528430954 0.05574183536288359 0.464842
1 0.11671507909362974 0.5223415975645397 0.06542801539119282 0.04228709225523623 0.472741
1 0.1876307473279179 0.5213805159279103 0.040945337024369394 0.03748173404773502 0.47372
1 0.16546972595126125 0.8017727725280078 0.054875029072253105 0.03604013658061374 0.478574
1 0.3368489243266353 0.887308088650755 0.054875029072253105 0.04565085299561617 0.479705
1 0.24271718597691322 0.8752944432537749 0.054030890123984605 0.03796224987822698 0.479766
1 0.3398041603249252 0.7823112566975159 0.039678978666096626 0.03555957077447638 0.485323
1 0.41008659940145364 0.6347866497808087 0.05698562633604104 0.062469556746225036 0.49413
1 0.19248517101325355 0.7210426147101803 0.04474436212056434 0.0427676080857282 0.507385
1 0.2969589858914066 0.7280107189478812 0.06120682086361693 0.05766439844130541 0.527786
1 0.37969409876015386 0.5312315152459816 0.04601072047883711 0.030273696736483197 0.541937
1 0.116504169303121 0.5886556307842182 0.06585033475844379 0.05670336678032148 0.551895
1 0.337904472851646 0.6960547920116903 0.06542801539119282 0.06679444909887969 0.552657
1 0.21950061607524582 0.7960060828056502 0.04558860102607952 0.04372868972235752 0.563
1 0.37673936254809753 0.9579466643935705 0.05360907054296708 0.04565085299561617 0.564136
1 0.14415284352287303 0.9091724335119339 0.05782976528430954 0.05478080370189966 0.5733
1 0.4252825998289868 0.9589076960545542 0.04010109811885421 0.05045641110569898 0.577198
1 0.483745594271056 0.6016298080857282 0.03208087849508337 0.03844281568436434 0.588556
1 0.19691727533133815 0.5826485582075013 0.05951854296707995 0.05333950608865076 0.592351
1 0.47994671911073106 0.792402339016074 0.038834739760581445 0.0490145637603507 0.594027
1 0.3951015087644293 0.8380530920603994 0.04305588430953399 0.05862543010228933 0.621859
1 0.11713739846088071 0.7832722883584997 0.06289559854638735 0.05478080370189966 0.641091
1 0.18805306669516889 0.8599174369215782 0.0730262654980761 0.06583341743789575 0.642568
1 0.0696492099187687 0.679957136872869 0.0616291402308679 0.06631368339016075 0.677572
1 0.845499866182129 0.2835158343886995 0.04558860102607952 0.03940389732099367 0.252323
1 0.618401 0.15665465757428154 0.047277078837109875 0.0365206524111057 0.259912
0 0.6203006874732792 0.36280419483682413 0.052764431808465156 0.03844281568436434 0.262134
1 0.8628064638734502 0.36424549245007304 0.0607850012825994 0.04613136882610814 0.26331
1 0.7300507456177854 0.15256964831953237 0.036724142496793497 0.03604013658061374 0.266265
1 0.8912992770414707 0.42935826108134434 0.04938767610089782 0.03988441315148563 0.272381
1 0.780705079948696 0.23161812566975157 0.04178957592988457 0.02883209926936191 0.274232
1 0.6449946254809747 0.226812467608378 0.03292511740059855 0.031715294203604485 0.278597
1 0.6722209803334759 0.12397808183146614 0.04010109811885421 0.05285874037993181 0.281595
0 0.9054402287302267 0.08337286994641988 0.08695580761008978 0.06295032245494397 0.291931
1 0.5116054781530569 0.28039235655138817 0.023638539418554937 0.04180652644909888 0.293273
1 0.5685913044035913 0.41253945737944475 0.05065383454467721 0.05910569605455431 0.293493
1 0.5884308187259513 0.4118183088163663 0.06922739033775117 0.07015830979055042 0.302685
1 0.6876283903377511 0.20086361324890403 0.04221169538264216 0.05862543010228933 0.316063
1 0.5092838711415135 0.46155407111544083 0.018995275416844808 0.0427676080857282 0.316187
1 0.8642838319794783 0.289282024354603 0.04854343719538264 0.04420920555284949 0.319889
0 0.9295009375801624 0.15521286020457867 0.0405232175716118 0.04132601061860691 0.321981
1 0.7361716276186404 0.4106173940574769 0.03714626194955109 0.03988441315148563 0.329282
1 0.7971675386917486 0.2775087618119825 0.04178957592988457 0.03507905494398442 0.341172
1 0.6186119097905087 0.364726258158792 0.05867440401881146 0.03748173404773502 0.342024
1 0.7629761628901239 0.1600180185094983 0.04178957592988457 0.03844281568436434 0.342675
1 0.9577828409576743 0.2830350686799805 0.04136745647712698 0.051897708718947874 0.34799
1 0.5373546148353997 0.14367998051631756 0.054875029072253105 0.05670336678032148 0.350198
1 0.9309783056861908 0.22705285046273746 0.036724142496793497 0.0427676080857282 0.356054
1 0.5818881171440786 0.08697661373599609 0.036724142496793497 0.03748173404773502 0.358769
1 0.8982642979905942 0.2011039961032635 0.03292511740059855 0.03315694164637116 0.362404
1 0.6093253817870885 0.028351583438869947 0.04010109811885421 0.03940389732099367 0.366905
1 0.8421228106028217 0.17515514174378957 0.04474436212056434 0.02354622523136873 0.37229
1 0.7568552808892689 0.3789018499756454 0.0405232175716118 0.03315694164637116 0.38109
1 0.6032049995724669 0.20254529371651242 0.038834739760581445 0.03604013658061374 0.381117
0 0.8839124365113296 0.4034094067218704 0.047277078837109875 0.04757296629322942 0.381191
1 0.6230445138948268 0.1874086702386751 0.033769356306113725 0.02979318090599123 0.387141
1 0.7017693420265071 0.4322413560642962 0.03925685921333903 0.03700121821724306 0.396358
1 0.9588383894826851 0.17443399318071118 0.03841262030782386 0.02979318090599123 0.399268
1 0.7127441479264642 0.4843794476376035 0.04938767610089782 0.030754262542620557 0.399786
1 0.6095367913638307 0.40509108718947884 0.0607850012825994 0.05958646176327326 0.405649
1 0.6642009106455751 0.2974510433511934 0.04178957592988457 0.04228709225523623 0.416547
1 0.8193285600684053 0.24002702776424745 0.04474436212056434 0.03988441315148563 0.42349
1 0.6462605840102608 0.14199830004870923 0.03630202304403591 0.04853404792985874 0.423584
1 0.8117303099615221 0.02354622523136873 0.06669447370671228 0.04420920555284949 0.426673
1 0.7971675386917486 0.3796224987822699 0.04854343719538264 0.05670336678032148 0.438345
1 0.7127441479264642 0.39115537847053095 0.04516648157332193 0.04517028718947881 0.445573
1 0.7070455852928602 0.08097004091573307 0.051498473279179134 0.04372868972235752 0.447667
1 0.5943402911500641 0.1660250910862153 0.03630202304403591 0.04372868972235752 0.448904
1 0.78408163574177 0.4565085299561617 0.04432224266780675 0.03940389732099367 0.450433
1 0.8575302206070972 0.47500901412566976 0.05698562633604104 0.049495129566488064 0.45048
1 0.652170556220607 0.465157814905017 0.05234261222744763 0.05093667705796395 0.476128
1 0.8851788948268491 0.4034094067218704 0.0405232175716118 0.0427676080857282 0.487567
1 0.7011361128687473 0.06607380029225524 0.05656380675502351 0.04757296629322942 0.491949
1 0.9191593608379649 0.21936409741841206 0.04432224266780675 0.05045641110569898 0.499313
1 0.523424772851646 0.18596687286897223 0.038834739760581445 0.04613136882610814 0.503659
1 0.7321613428815733 0.2729439863614223 0.035035714664386486 0.02883209926936191 0.508379
1 0.705145897819581 0.12469873063809059 0.05445320949123557 0.05045641110569898 0.509804
1 0.8858121239846087 0.0415662935216756 0.0704933488670372 0.07063857574281539 0.509807
1 0.7465137041470714 0.34670603994154897 0.04178957592988457 0.03700121821724306 0.535492
1 0.6067929649422831 0.062229173891865566 0.05107615391192817 0.04468977135898685 0.538786
1 0.7712071423685335 0.2594890433511934 0.04305588430953399 0.03267637584023381 0.56094
1 0.9048074993587002 0.08000900925474914 0.09159932150491663 0.06583341743789575 0.561059
1 0.5282790965797349 0.44089114076960545 0.05360907054296708 0.05910569605455431 0.56937
1 0.9240137845233006 0.31667267608377986 0.05571916802052159 0.04997564539698003 0.580272
1 0.5487517900812312 0.2431505056015587 0.0607850012825994 0.05670336678032148 0.582352
1 0.7697297742625053 0.049495129566488064 0.06542801539119282 0.04613136882610814 0.586429
1 0.8305147755451047 0.19918193278129567 0.05107615391192817 0.0389233315148563 0.59315
1 0.749468440359128 0.20350682513395033 0.04347800376229158 0.049495129566488064 0.619026
1 0.5491739095339889 0.31523087871407696 0.039678978666096626 0.02979318090599123 0.620402
1 0.5970841175716118 0.4678010267900633 0.06120682086361693 0.054300537749634684 0.623215
1 0.622622194527576 0.3118670180224062 0.0464328399315947 0.04324817389186557 0.630806
1 0.5211031158614793 0.10643862932294204 0.04263381483539974 0.049495129566488064 0.642263
1 0.834102740914921 0.4204680935216756 0.07091566823428816 0.06535265172917681 0.674841
1 0.5403094510047028 0.02883209926936191 0.07007152928601966 0.05093667705796395 0.701834
0 0.6661000983326207 0.6398321909400877 0.03630202304403591 0.031234778373112518 0.26046
0 0.9191593608379649 0.9166208037018997 0.05107615391192817 0.0389233315148563 0.261472
0 0.5436863566481401 0.6162861656113006 0.047277078837109875 0.04853404792985874 0.268456
0 0.5698577627191107 0.5977856814417924 0.06922739033775117 0.04132601061860691 0.269769
1 0.6749648067550235 0.6713073521675597 0.04305588430953399 0.04420920555284949 0.271506
1 0.7127441479264642 0.6691449059912323 0.04178957592988457 0.03507905494398442 0.275247
1 0.7549555934159897 0.6689050228933268 0.03756838140230868 0.04709245046273746 0.281415
1 0.8919325061992305 0.7974478801753532 0.048121317742625055 0.03988441315148563 0.288808
1 0.5242690117571611 0.5386797854846567 0.0346135952116289 0.03844281568436434 0.291677
1 0.8286150880718256 0.8555925445689234 0.03714626194955109 0.0466118846566001 0.293324
1 0.6772863138093203 0.7344980574768631 0.04769919828986747 0.0427676080857282 0.296154
1 0.673276029072253 0.7912009245007307 0.039678978666096626 0.0466118846566001 0.298055
1 0.7834489063702438 0.6090781782756941 0.03714626194955109 0.03315694164637116 0.308929
1 0.5424200482684908 0.6131626877739893 0.038834739760581445 0.04324817389186557 0.309623
1 0.9096614232578025 0.7945647851924014 0.043900123215049165 0.03604013658061374 0.317338
0 0.6812965985463874 0.6787557223575256 0.048965556648140236 0.055261569410618605 0.3198
0 0.9086063745190252 0.7976882630297126 0.03841262030782386 0.04036492898197759 0.323416
1 0.557194179136383 0.697496589381393 0.048121317742625055 0.0389233315148563 0.331343
1 0.6369740560068405 0.6323843205065758 0.04474436212056434 0.04228709225523623 0.346636
0 0.685306383497221 0.6787557223575256 0.02912604232578025 0.03507905494398442 0.359344
1 0.7420811000427532 0.6434364344861179 0.04305588430953399 0.05285874037993181 0.374559
1 0.7243521829841812 0.5566997038480274 0.03292511740059855 0.034117973307355096 0.381691
1 0.6903717169730654 0.8733723799318072 0.04347800376229158 0.04180652644909888 0.389966
1 0.9075508259940146 0.7253675070628348 0.031236639589568193 0.03315694164637116 0.39363
1 0.8877113116716545 0.82940330735509 0.051498473279179134 0.03363745747686313 0.39408
1 0.8098311222744762 0.6304617574281539 0.05698562633604104 0.05093667705796395 0.395277
1 0.8153182753313382 0.5812072605942523 0.04432224266780675 0.04084549478811496 0.406859
1 0.5546612625053442 0.8952367247929858 0.043900123215049165 0.04228709225523623 0.407682
0 0.9613708063274905 0.8692878704335119 0.05782976528430954 0.05574183536288359 0.410255
1 0.7106335506626763 0.8339685825621042 0.056141487387772554 0.04468977135898685 0.419436
1 0.5405205107310816 0.6977369722357525 0.05529734843950406 0.04997564539698003 0.420197
1 0.5624704224027363 0.9298353638577691 0.040945337024369394 0.04132601061860691 0.431612
1 0.5192036283026934 0.6436768173404773 0.038834739760581445 0.055261569410618605 0.432546
1 0.523424772851646 0.7875971807111544 0.0405232175716118 0.05766439844130541 0.432682
1 0.6677888760153912 0.7517971271310278 0.04305588430953399 0.0389233315148563 0.439135
1 0.5759781449337323 0.9658753005358013 0.0704933488670372 0.04709245046273746 0.441155
1 0.9575719311671655 0.7429069595713591 0.052764431808465156 0.051897708718947874 0.457273
0 0.7087338631893971 0.8339685825621042 0.05234261222744763 0.04180652644909888 0.475258
1 0.8870785823001283 0.6878857730150998 0.024904897776827705 0.034117973307355096 0.480304
1 0.5312339327490381 0.9024447121285922 0.03841262030782386 0.04228709225523623 0.481251
1 0.6490044104318085 0.8572747247929859 0.06289559854638735 0.03267637584023381 0.490423
1 0.5688022141941 0.5949025864588408 0.05192029286019667 0.04613136882610814 0.498606
0 0.9333003125267209 0.9471344335119338 0.02954816177853784 0.03363745747686313 0.5047
1 0.9330889029499786 0.8406963039454458 0.06036268191534844 0.054300537749634684 0.510755
1 0.7950569414279607 0.7068670228933269 0.04010109811885421 0.03459853911349245 0.527076
1 0.6730651192817444 0.5876945991232343 0.050232014963659685 0.04805348212372138 0.531789
1 0.8032884206926036 0.7441083740867025 0.05234261222744763 0.04468977135898685 0.532552
1 0.8716711722958529 0.898840968339016 0.0607850012825994 0.049495129566488064 0.533896
1 0.5848428533561351 0.6410336054554311 0.04263381483539974 0.05285874037993181 0.537234
1 0.8343136507054296 0.9070099873356064 0.06120682086361693 0.05910569605455431 0.560549
1 0.7967452193244977 0.7895192440331222 0.03841262030782386 0.04420920555284949 0.561555
1 0.5310228730226593 0.825318797856795 0.04558860102607952 0.031234778373112518 0.56534
1 0.7783830731081658 0.8591967881149536 0.047277078837109875 0.0365206524111057 0.566635
1 0.8609072761864045 0.767414516317584 0.05529734843950406 0.04228709225523623 0.569944
1 0.676231265070543 0.5317120310764734 0.0464328399315947 0.05333950608865076 0.573992
1 0.8668167486105173 0.6117208904042863 0.04769919828986747 0.03940389732099367 0.588317
1 0.5943402911500641 0.8846648767657088 0.043900123215049165 0.030754262542620557 0.647168
1 0.2828180342026507 0.027150218899171942 0.05571916802052159 0.04565085299561617 0.262071
1 0.3592213552800342 0.08169118947881149 0.047277078837109875 0.04613136882610814 0.265155
1 0.1819321846943138 0.2669374135411593 0.0616291402308679 0.05622260107160253 0.283691
0 0.3695634318084651 0.1407968855333658 0.056141487387772554 0.04036492898197759 0.289149
1 0.06986011970927747 0.40388967267413545 0.06289559854638735 0.04084549478811496 0.295366
1 0.31658759042325774 0.33637457476863125 0.04558860102607952 0.05093667705796395 0.298642
1 0.2674111239846088 0.15689454067218703 0.05445320949123557 0.0466118846566001 0.299437
1 0.48226822616502774 0.16530394252313688 0.035035714664386486 0.05285874037993181 0.299604
1 0.3235526113723814 0.3853891885046274 0.08568984908080375 0.06535265172917681 0.303084
1 0.16546972595126125 0.24194959084266926 0.039678978666096626 0.0427676080857282 0.313252
1 0.19966110175288584 0.17923965124208474 0.031236639589568193 0.05285874037993181 0.319256
1 0.3469800910645575 0.19966219873356064 0.051498473279179134 0.05045641110569898 0.355422
1 0.20156078922616502 0.05910569605455431 0.04601072047883711 0.04613136882610814 0.360812
1 0.36639728601966653 0.138394056502679 0.054030890123984605 0.0365206524111057 0.362641
1 0.10468472466866183 0.2681383283000487 0.06838275160324926 0.05381977204091573 0.367047
1 0.2180232479692176 0.4613136882610813 0.05529734843950406 0.05958646176327326 0.367874
1 0.2933710205215904 0.20326644227959084 0.048965556648140236 0.062469556746225036 0.368565
1 0.22097798418127407 0.31042572040915734 0.04854343719538264 0.04805348212372138 0.380032
1 0.14584112141941 0.33156941646371163 0.04178957592988457 0.03267637584023381 0.394557
1 0.1730679760581445 0.28976279006332195 0.05234261222744763 0.04420920555284949 0.397008
1 0.3908803142368533 0.3094646887481734 0.0616291402308679 0.06535265172917681 0.405307
1 0.36513082770414707 0.18548660691670724 0.06585033475844379 0.0490145637603507 0.4277
1 0.3148993125267208 0.1410372683877253 0.038834739760581445 0.0427676080857282 0.436549
1 0.14225315604959382 0.16266123039454458 0.05234261222744763 0.03988441315148563 0.448527
1 0.3005469512612227 0.4622747199220653 0.06331741812740486 0.061508525085241114 0.454361
1 0.24799342924326637 0.4360854827082319 0.05360907054296708 0.04084549478811496 0.460314
1 0.08822226592560925 0.2859181636629323 0.08189047413424541 0.0855353161227472 0.463808
1 0.0192063351432236 0.4353648339016074 0.03841262030782386 0.05285874037993181 0.472137
1 0.3507789662248824 0.12013395518753044 0.04980979555365541 0.04228709225523623 0.475167
1 0.13613277383497221 0.20855236629322943 0.050232014963659685 0.04036492898197759 0.483019
1 0.4096642800342027 0.4353648339016074 0.05951854296707995 0.05093667705796395 0.505339
1 0.3406482992731936 0.384187773989284 0.09793111329628047 0.11004237311251826 0.509306
1 0.08041310602821719 0.4718855362883585 0.08991104360837965 0.04997564539698003 0.510446
1 0.18636478879863191 0.42983852703360936 0.05867440401881146 0.0466118846566001 0.516296
1 0.18805306669516889 0.35799853677545057 0.04769919828986747 0.03940389732099367 0.528128
1 0.2608679226165027 0.3322900652703361 0.047277078837109875 0.04853404792985874 0.541554
1 0.1306451209918769 0.09106162299074526 0.04769919828986747 0.051417442766682905 0.550114
1 0.24799342924326637 0.0466118846566001 0.06036268191534844 0.061508525085241114 0.553173
1 0.08653398802907225 0.13286774963468095 0.05909622359982899 0.03988441315148563 0.554024
1 0.4780470316374519 0.4625151027764247 0.040945337024369394 0.0466118846566001 0.583171
1 0.4425891975203079 0.20062323039454458 0.04601072047883711 0.051417442766682905 0.586675
1 0.38834739760581444 0.033877740379931805 0.09117700213766568 0.05622260107160253 0.599173
1 0.4411118294142796 0.33589380905991234 0.04980979555365541 0.051897708718947874 0.607278
1 0.3433921256947413 0.2635735528494885 0.05698562633604104 0.04565085299561617 0.637219
1 0.025749136682342882 0.29360691670725764 0.04474436212056434 0.05285874037993181 0.650293
1 0.2718432283026935 0.26861909400876766 0.06331741812740486 0.05093667705796395 0.660481
1 0.28155207567336465 0.12157525280077935 0.06585033475844379 0.04709245046273746 0.671826
1 0.11439357203933306 0.4372868972235753 0.06585033475844379 0.05478080370189966 0.683423
1 0.4115639675074818 0.09250292060399416 0.062473279179136386 0.07256063906478323 0.683959
