0 0.15495268093865788 0.8980535000000001 0.030415123178262657 0.03688525 0.25782
0 0.3686801547962124 0.668545 0.04027946043639358 0.03995900000000001 0.259292
0 0.3294283211198024 0.6836579999999999 0.03986842972416633 0.0548155 0.297238
0 0.10994671716755867 0.6585555000000001 0.039046418279127214 0.04866805 0.30507
0 0.24229320872787155 0.8135245 0.04397858690819267 0.03483605 0.306803
0 0.09432814985590779 0.5753075000000001 0.045622659777686286 0.052254 0.317555
0 0.10768614820913958 0.7330945 0.027949038863729934 0.0327869 0.427325
0 0.453760613421161 0.980789 0.050143847673939895 0.03842215 0.447153
0 0.260789090983944 0.846824 0.04315657546315357 0.03995900000000001 0.46527
0 0.2788736426512968 0.8201845000000001 0.04151250259365995 0.03483605 0.469024
0 0.2661323902840675 0.940574 0.034114249650061754 0.0338115 0.473877
0 0.06863972993001236 0.763576 0.041923533305887196 0.0332992 0.480717
0 0.14262225936599424 0.7638320000000001 0.034525230382873605 0.03790985 0.489227
0 0.26900920543433515 0.7835555000000001 0.039046418279127214 0.0425205 0.489556
0 0.04007394508027995 0.745133 0.028360019596541785 0.03432375 0.4968
0 0.04480064833264718 0.710297 0.02959306175380815 0.0332992 0.510396
0 0.13666271387402223 0.806865 0.045622659777686286 0.0430328 0.522852
0 0.3771061844380404 0.8834529999999999 0.07028355290242898 0.0548155 0.52598
0 0.425194878550844 0.8619364999999999 0.056308808563194736 0.0599385 0.532192
0 0.3397040889254837 0.643699 0.0546649855907781 0.0599385 0.540804
0 0.11590626265953068 0.604252 0.04438961762041992 0.04661885 0.5475
0 0.20263054425689583 0.834785 0.04438961762041992 0.0414959 0.552303
0 0.3070280469328942 0.949795 0.034525230382873605 0.03483605 0.560162
0 0.24989707698641417 0.6795595000000001 0.07233870646356526 0.066086 0.568732
0 0.14159468258542612 0.6347335000000001 0.04480064833264718 0.0543035 0.580733
0 0.4621861432688349 0.649078 0.04480064833264718 0.052254 0.580798
0 0.22441407245780154 0.7858605000000001 0.04110147188143269 0.04610655 0.583147
0 0.41512502593659945 0.9528690000000001 0.050966009057225196 0.060451 0.598294
0 0.22811304899135446 0.6311475 0.07151654508027995 0.067623 0.601549
0 0.3438138962536023 0.80917 0.045622659777686286 0.0527665 0.603346
0 0.18660064635652532 0.6065575000000001 0.057542300535199674 0.07991800000000002 0.613797
0 0.42622245533141206 0.6839139999999999 0.06000828489090161 0.0563525 0.615553
0 0.18968337669822974 0.694672 0.05713096994648002 0.069672 0.648334
0 0.07624309839440098 0.627049 0.04973281696171264 0.057377 0.66567
0 0.40320543515850144 0.8196720000000001 0.0591861235076163 0.057377 0.669483
0 0.3709412235487855 0.7126025 0.05713096994648002 0.0635245 0.674195
0 0.3949853207081103 0.6329404999999999 0.06905056072457802 0.083504 0.708128
0 0.5552813009468918 0.089908 0.036991364676821736 0.04354510000000001 0.260884
0 0.8857371988472623 0.420082 0.033703218937834505 0.0297131 0.271795
0 0.9029995891313298 0.3980535 0.02959306175380815 0.03790985 0.273758
0 0.6083019637710992 0.182121 0.04685570193495266 0.03842215 0.301675
1 0.8516227492795388 0.1483095 0.03288120749279539 0.03842215 0.309347
0 0.7330450868670234 0.229252 0.04151250259365995 0.04764345 0.318948
0 0.8534724874433923 0.258453 0.029182081020996294 0.03637295 0.325552
0 0.8581990407575134 0.4193135 0.03123713462330177 0.02817625 0.338308
0 0.6672826718814326 0.271004 0.04069049114862083 0.03790985 0.339128
0 0.8195639530671058 0.2646005 0.042745544750926304 0.03432375 0.356781
0 0.7653097982708934 0.0181865 0.051787670646356525 0.03432375 0.35885
0 0.708589659118979 0.253586 0.03945744899135447 0.04815575 0.373462
0 0.9264274400988062 0.2858605 0.03288120749279539 0.0307377 0.388558
0 0.7698309361877316 0.37167 0.04603369048991354 0.04764345 0.389927
0 0.5098640065870729 0.04021515 0.020139755207904488 0.0804305 0.390774
0 0.8664196550020585 0.296619 0.03288120749279539 0.03688525 0.401524
0 0.757500514615068 0.2108095 0.03781337612186085 0.04866805 0.465539
0 0.7176319349526554 0.201076 0.050143847673939895 0.03637295 0.46823
0 0.5865184355701935 0.02612705 0.04685570193495266 0.0327869 0.488085
0 0.8682688933717579 0.388576 0.0382244068340881 0.0425205 0.495005
0 0.6202215545491973 0.050205 0.03781337612186085 0.0430328 0.496959
0 0.8908750827501029 0.0632685 0.04315657546315357 0.03842215 0.501913
0 0.5589802774804445 0.4467215 0.048499774804446276 0.0635245 0.503089
0 0.8308667978592013 0.291752 0.04480064833264718 0.0394467 0.525817
0 0.6000818493207081 0.236168 0.07233870646356526 0.074795 0.528418
0 0.7611994911486208 0.470287 0.055897977768629065 0.0543035 0.530531
0 0.8551168102099629 0.220799 0.037402345409633594 0.0327869 0.541487
0 0.739415962947715 0.05917 0.051787670646356525 0.04456965 0.545304
0 0.9286880090572253 0.260246 0.03493626109510086 0.0307377 0.5461
0 0.5770648291477974 0.055328 0.04685570193495266 0.03995900000000001 0.58018
0 0.8925189057225196 0.2643445 0.03329218822560725 0.0409836 0.586825
0 0.6909159382461918 0.303791 0.050143847673939895 0.0584015 0.595057
0 0.783599765335529 0.095287 0.05219900123507616 0.0543035 0.595331
0 0.8633369246603539 0.455174 0.04973281696171264 0.05379099999999999 0.608469
0 0.8614871864965007 0.092213 0.06411809221902016 0.0512295 0.609046
0 0.9389637768629064 0.323002 0.04151250259365995 0.05584 0.611653
0 0.7118778048579663 0.02356555 0.053431993412927134 0.0440574 0.616833
0 0.7196870885137917 0.1549695 0.052609832029641826 0.060963 0.617328
0 0.5945331346233017 0.4710555 0.07439386002470152 0.057889499999999997 0.619755
0 0.7174265195553725 0.104252 0.07028355290242898 0.05379099999999999 0.627969
0 0.5957661268011527 0.4049695 0.06863972993001236 0.068135 0.662961
0 0.7959301869081927 0.4331455 0.06041911568546726 0.073258 0.674686
0 0.8886145137916838 0.130379 0.033703218937834505 0.05379099999999999 0.675152
0 0.757500514615068 0.262551 0.050143847673939895 0.0619875 0.681208
0 0.8037394705640182 0.35092200000000007 0.06863972993001236 0.081967 0.682007
0 0.5643235767805681 0.161885 0.06658457636887608 0.0563525 0.68243
0 0.6019315874845615 0.094006 0.0538428242074928 0.058914 0.684455
0 0.729962356525319 0.419826 0.08138098229724167 0.0845285 0.73892
0 0.5351414457801564 0.236424 0.06329643062988884 0.0876025 0.74953
0 0.45088329847673936 0.1260245 0.052609832029641826 0.04610655 0.262822
0 0.2648988983120626 0.0117828 0.04726673264717991 0.02356555 0.27677
0 0.39580748209139566 0.0391906 0.051787670646356525 0.060963 0.282249
0 0.4046443425277892 0.0238217 0.03329218822560725 0.04354510000000001 0.28323
0 0.15063695841910252 0.073258 0.04151250259365995 0.03790985 0.290217
0 0.1078915636064224 0.2402665 0.029182081020996294 0.03586065 0.34131
0 0.14714339728283243 0.0650615 0.02630496599423631 0.0297131 0.363697
0 0.34319765006175385 0.453125 0.04603369048991354 0.04764345 0.381288
0 0.4311544240428159 0.2594775 0.047677713379991764 0.0599385 0.385718
0 0.060830446274186906 0.24641399999999997 0.021372797365170854 0.022541 0.387219
0 0.4089600650473446 0.0891395 0.060830446274186906 0.074795 0.399549
0 0.4017670275833677 0.47208 0.06124127706875258 0.05584 0.413788
0 0.25626795306710576 0.457992 0.0637072614244545 0.069672 0.419001
0 0.2620220831617949 0.395748 0.05137683985179086 0.0496926 0.465695
0 0.07295495265541374 0.4075305 0.0382244068340881 0.03739755 0.482681
0 0.20221921366817622 0.081711 0.035347291807328124 0.0332992 0.512878
0 0.08055882091395636 0.2438525 0.02959306175380815 0.0297131 0.514075
0 0.4564320131741457 0.085041 0.06699540716344174 0.059426 0.536185
0 0.06226885384932071 0.275871 0.030826103911074515 0.03842215 0.537048
0 0.35778864059283655 0.057633 0.048910755537258134 0.0425205 0.554711
0 0.4348539003705228 0.0389344 0.04685570193495266 0.04713115 0.566366
0 0.15618567311650886 0.102459 0.032059146068340885 0.03688525 0.569651
0 0.3240855216138328 0.183658 0.06206343845203788 0.0876025 0.573325
0 0.4367031387402224 0.396004 0.06452942280773982 0.0614755 0.578638
0 0.016029598023878138 0.39651650000000005 0.028771050308769038 0.04610655 0.578779
0 0.21722153478797862 0.199795 0.05795313132976534 0.0614755 0.589323
0 0.27003678221490324 0.2453895 0.06329643062988884 0.0768445 0.591683
0 0.388203613832853 0.2597335 0.06041911568546726 0.0584015 0.598545
0 0.37217421572663645 0.2095285 0.06452942280773982 0.0840165 0.600558
0 0.15598025771922602 0.142674 0.03164816533552903 0.03637295 0.602012
0 0.22975737175792507 0.0366291 0.05672013915191437 0.068135 0.604138
0 0.476366303005352 0.03688525 0.04685570193495266 0.0737705 0.613062
0 0.13522380650473445 0.440574 0.04521162906545904 0.064549 0.620464
0 0.42951060107039934 0.1831455 0.07809283655825443 0.086578 0.626615
0 0.13563513709345412 0.227715 0.036991364676821736 0.03739755 0.632769
0 0.2912040642239605 0.42751 0.06617324578015644 0.064037 0.636435
0 0.035347291807328124 0.4380125 0.048499774804446276 0.059426 0.646039
0 0.18886121531494443 0.1173155 0.03164816533552903 0.0389344 0.648195
0 0.11734467023466445 0.269467 0.030826103911074515 0.0512295 0.660935
0 0.44266318402634824 0.44467200000000007 0.07727067517496912 0.0635245 0.664413
0 0.377517015232606 0.125256 0.0637072614244545 0.0599385 0.664873
0 0.15926840345821325 0.262295 0.04397858690819267 0.0543035 0.671535
0 0.09186166570605186 0.463883 0.06124127706875258 0.0722335 0.671705
0 0.37566777686290653 0.4052255 0.07151654508027995 0.0809425 0.676464
0 0.2330455174969123 0.283043 0.06822839934129271 0.07633199999999998 0.678528
0 0.2914094796212433 0.058914 0.08055882091395636 0.0891395 0.682258
0 0.11508410127624537 0.385758 0.06329643062988884 0.06659849999999999 0.699546
0 0.20653493618773158 0.41214150000000005 0.06781756854672706 0.0722335 0.71835
0 0.904027165911898 0.9228995 0.04480064833264718 0.04866805 0.253023
0 0.6089187097571017 0.9846309999999999 0.04069049114862083 0.0307377 0.277916
0 0.7429095240839853 0.8271005 0.04151250259365995 0.0322746 0.28166
0 0.8653920782214903 0.655994 0.03575832251955537 0.03637295 0.288921
0 0.8553222256072458 0.9039444999999999 0.048499774804446276 0.0548155 0.29686
0 0.8658029090160559 0.6180840000000001 0.034114249650061754 0.0404713 0.300517
0 0.8836820452861259 0.6155225 0.034525230382873605 0.03432375 0.301127
0 0.6146728398517909 0.643699 0.0464446712227254 0.0496926 0.306449
0 0.9138916031288596 0.869365 0.032470176780568134 0.03483605 0.308613
0 0.5595970234664471 0.8055840000000001 0.030004092466035404 0.0332992 0.332417
1 0.5332918575545492 0.8483605000000001 0.03658033396459448 0.0420082 0.357117
0 0.7357164866200083 0.614498 0.03863538756689996 0.03842215 0.359777
0 0.9453341531494444 0.896004 0.033703218937834505 0.03995900000000001 0.362942
0 0.5337028882667765 0.8475920000000001 0.03164816533552903 0.03637295 0.365777
1 0.5345248997118155 0.8837090000000001 0.034114249650061754 0.03483605 0.370214
0 0.6438548209139564 0.9861679999999999 0.04973281696171264 0.02766395 0.372753
0 0.7030409444215726 0.638576 0.0464446712227254 0.0527665 0.421206
0 0.7274963721696172 0.713371 0.043567606175380816 0.051742 0.429291
0 0.8310722132564842 0.8112195 0.03945744899135447 0.0332992 0.434702
0 0.8830657990942774 0.9367314999999999 0.04480064833264718 0.071209 0.460943
0 0.5676117225195554 0.9779715 0.051787670646356525 0.0420082 0.470891
0 0.7813391963771098 0.51434425 0.05672013915191437 0.0286885 0.479213
0 0.8448410424042816 0.9357070000000001 0.06535158419102512 0.0671105 0.482118
0 0.5647344075751338 0.668545 0.06411809221902016 0.059426 0.483971
0 0.9443065763688762 0.7886785000000001 0.026715946727048166 0.0322746 0.493954
0 0.739621378344998 0.7740779999999999 0.06041911568546726 0.069672 0.502936
0 0.7001641292713051 0.7978995 0.06535158419102512 0.066086 0.504205
0 0.8559384717990943 0.7643445 0.03164816533552903 0.0440574 0.507946
0 0.5945331346233017 0.9518445 0.04151250259365995 0.04508195 0.512432
0 0.9410184306298889 0.7558914999999999 0.028360019596541785 0.0332992 0.533186
0 0.6746811247426925 0.8447745 0.05877529271305064 0.0625 0.567058
1 0.9327983161794976 0.5963114999999999 0.04726673264717991 0.055328 0.605736
0 0.5760372523672292 0.6155225 0.07028355290242898 0.078381 0.621771
0 0.6179609855907782 0.689549 0.06535158419102512 0.06659849999999999 0.626611
0 0.733661832853026 0.8665470000000001 0.06247426924660354 0.056865 0.630414
0 0.6890666998764924 0.6913420000000001 0.06535158419102512 0.058914 0.649468
0 0.7554453610539317 0.6534325000000001 0.0591861235076163 0.066086 0.676456
