0 0.644043 0.0279948 0.04785155 0.0481771 0.255774
0 0.6787110000000001 0.16862 0.0566405 0.0377604 0.268809
0 0.5625 0.03190105 0.0859375 0.063802 0.281268
0 0.870117 0.4856770000000001 0.0488281 0.02604165 0.31377
0 0.5942385 0.486979 0.0595705 0.0234375 0.316965
0 0.7978514999999999 0.315755 0.03515625 0.0455729 0.347004
0 0.7734375 0.2252605 0.050781 0.0546875 0.352997
0 0.741699 0.1477865 0.03808595 0.03515625 0.35661
0 0.8603514999999999 0.36914050000000004 0.050781 0.050781 0.366312
0 0.7700195000000001 0.3580729999999999 0.04785155 0.0520835 0.41803
0 0.52783205 0.4791665 0.055664 0.0390625 0.420046
0 0.810547 0.371745 0.0566405 0.0716145 0.454716
0 0.57959 0.33138 0.0498047 0.0455729 0.456301
0 0.8081054999999999 0.1940105 0.04003905 0.04427085 0.456757
0 0.8115235000000001 0.075521 0.046875 0.03385415 0.461368
0 0.551758 0.1516925 0.0566405 0.050781 0.468837
0 0.7333985000000001 0.2076825 0.0390625 0.050781 0.469542
0 0.561035 0.4602865 0.0615235 0.063802 0.476882
1 0.6953125 0.4108075 0.0566405 0.0716145 0.477203
0 0.7099610000000001 0.173177 0.0449219 0.0546875 0.478152
0 0.599121 0.1490885 0.0439453 0.0481771 0.495069
0 0.854492 0.251302 0.0449219 0.03645835 0.502371
0 0.676758 0.21940100000000004 0.04296875 0.0533855 0.504159
0 0.6967775 0.4114585 0.0595705 0.0703125 0.510395
0 0.52246095 0.325521 0.0449219 0.0390625 0.531222
0 0.677246 0.313151 0.053711 0.066406 0.541222
0 0.808594 0.2610675 0.0390625 0.058594 0.55905
0 0.54003905 0.375651 0.0527345 0.074219 0.567459
0 0.7075195 0.24153649999999996 0.051758 0.058594 0.577896
0 0.6396485000000001 0.40820300000000004 0.0546875 0.089844 0.620032
0 0.617676 0.313802 0.057617 0.078125 0.628592
0 0.572754 0.2122395 0.0498047 0.080729 0.65781
0 0.4189455 0.3606770000000001 0.0683595 0.0703125 0.289102
0 0.2285155 0.204427 0.0449219 0.0520835 0.289945
0 0.2089845 0.19596350000000004 0.076172 0.074219 0.291507
0 0.413086 0.47851550000000004 0.066406 0.04296875 0.301228
0 0.152832 0.4602865 0.03027345 0.0403646 0.316348
0 0.3603515 0.173828 0.060547 0.0455729 0.317536
0 0.463867 0.0266927 0.050781 0.0481771 0.328139
0 0.211426 0.326172 0.04003905 0.0377604 0.341037
0 0.4213865 0.01822915 0.04785155 0.03645835 0.355981
0 0.166992 0.3697915 0.0332031 0.059896 0.357934
0 0.2558595 0.3040365 0.03125 0.0377604 0.360215
0 0.456543 0.139974 0.04003905 0.0403646 0.3612
0 0.470703 0.205078 0.058594 0.079427 0.386774
0 0.386719 0.263021 0.046875 0.04166665 0.391433
0 0.294922 0.154297 0.060547 0.04296875 0.397152
0 0.190918 0.064453 0.0439453 0.0481771 0.438438
0 0.1816405 0.4583335 0.03125 0.04166665 0.448711
0 0.3081055 0.4759115 0.0361328 0.0377604 0.461741
0 0.4262695 0.173177 0.04785155 0.0677085 0.465547
0 0.1411135 0.36914050000000004 0.0341797 0.0455729 0.484978
0 0.13916 0.326823 0.0341797 0.03645835 0.495496
0 0.105469 0.3372395000000001 0.03515625 0.02864585 0.499993
0 0.275879 0.4602865 0.0498047 0.0533855 0.512761
1 0.4711915 0.20377600000000004 0.057617 0.079427 0.512824
0 0.2041015 0.3580729999999999 0.046875 0.04947915 0.532985
0 0.334961 0.20638 0.050781 0.063802 0.545185
0 0.1015625 0.47070300000000004 0.03125 0.03515625 0.547937
0 0.442871 0.2923175 0.0654295 0.066406 0.563172
0 0.292969 0.294271 0.0527345 0.0520835 0.56519
0 0.1777345 0.3053385 0.0371094 0.0559895 0.567108
0 0.2504885 0.3522135 0.0439453 0.061198 0.594323
0 0.293457 0.21809899999999996 0.0634765 0.082031 0.62101
0 0.375 0.3365885 0.0625 0.076823 0.639597
0 0.2216795 0.47460949999999996 0.04296875 0.0455729 0.655389
0 0.300781 0.3606770000000001 0.058594 0.0703125 0.667415
0 0.20459 0.5110677 0.04003905 0.0221354 0.264064
0 0.313965 0.9440105 0.057617 0.046875 0.282501
0 0.307129 0.9811200000000001 0.069336 0.0377604 0.287861
0 0.3154295 0.5234375 0.0449219 0.04166665 0.30638
0 0.1533205 0.8255210000000001 0.0449219 0.04947915 0.325865
0 0.229004 0.8333335000000001 0.0419922 0.04166665 0.335828
0 0.182129 0.689453 0.04003905 0.0403646 0.355849
0 0.258789 0.9635414999999999 0.046875 0.0390625 0.359812
0 0.1567385 0.6471355 0.03222655 0.04427085 0.381748
0 0.095703 0.7434894999999999 0.03125 0.04166665 0.382965
0 0.2680665 0.65625 0.0615235 0.080729 0.401435
0 0.430664 0.652995 0.04296875 0.0455729 0.402104
0 0.147949 0.6790364999999999 0.0419922 0.04296875 0.408047
0 0.293457 0.9251299999999999 0.04785155 0.0533855 0.413201
0 0.3671875 0.7278644999999999 0.0390625 0.04947915 0.416092
0 0.121582 0.891927 0.055664 0.0625 0.422691
0 0.234375 0.7115885000000001 0.0527345 0.0559895 0.426779
0 0.0825195 0.6510414999999999 0.03027345 0.0390625 0.455346
0 0.0874025 0.6067710000000001 0.0263672 0.03645835 0.457967
0 0.28125 0.52278645 0.0527345 0.04296875 0.477898
0 0.175781 0.5449219 0.0449219 0.0455729 0.486373
0 0.4521485 0.970052 0.050781 0.059896 0.492143
0 0.197754 0.6484375 0.04589845 0.0520835 0.495076
0 0.1191405 0.779297 0.050781 0.0481771 0.505782
0 0.407715 0.9772135000000001 0.0498047 0.04296875 0.512807
0 0.114746 0.6380210000000001 0.0361328 0.04427085 0.527102
0 0.36084 0.859375 0.04785155 0.0520835 0.532296
0 0.1762695 0.7864585000000001 0.053711 0.0546875 0.532825
0 0.2783205 0.8522135000000001 0.066406 0.058594 0.535733
0 0.440918 0.5247396 0.04785155 0.046875 0.542664
0 0.402344 0.889323 0.0722655 0.04947915 0.55324
0 0.2924805 0.7246095 0.0634765 0.058594 0.554581
0 0.2441405 0.5371094 0.0488281 0.066406 0.577219
0 0.305664 0.8209635000000001 0.0546875 0.050781 0.578455
0 0.260742 0.7747395 0.046875 0.065104 0.588787
0 0.411133 0.7304689999999999 0.0566405 0.059896 0.59313
0 0.407715 0.8320310000000001 0.0595705 0.0625 0.602269
0 0.5947265 0.51497395 0.0566405 0.0299479 0.251627
0 0.5493164 0.7421875 0.04785155 0.0572915 0.256902
0 0.7924804999999999 0.6705730000000001 0.053711 0.04427085 0.25758
0 0.8066405 0.701172 0.0625 0.0481771 0.263818
0 0.6777345 0.9804689999999999 0.0488281 0.0390625 0.270434
0 0.54833985 0.6621095 0.03222655 0.050781 0.273427
0 0.5336914 0.9088539999999999 0.0615235 0.04947915 0.299709
0 0.67041 0.9713539999999999 0.04589845 0.03385415 0.307011
0 0.70459 0.6555989999999999 0.04003905 0.058594 0.341151
0 0.595215 0.5520835000000001 0.04003905 0.0520835 0.364208
0 0.6904295 0.7558595 0.0371094 0.0455729 0.374484
0 0.5214844 0.8710939999999999 0.04296875 0.0546875 0.375783
0 0.810547 0.8040364999999999 0.0410156 0.0455729 0.389571
0 0.8916014999999999 0.6178385 0.0390625 0.0403646 0.390877
0 0.8774415 0.53841145 0.0595705 0.0690105 0.39347
0 0.7158205 0.9615885000000001 0.04296875 0.0533855 0.406324
0 0.8662110000000001 0.7708335000000001 0.0371094 0.03645835 0.412907
0 0.7060545 0.8684895 0.050781 0.0390625 0.413799
0 0.5688475 0.970703 0.0498047 0.050781 0.415094
0 0.5625 0.8151039999999999 0.0410156 0.0572915 0.428704
0 0.8779295 0.65625 0.0390625 0.04166665 0.428949
0 0.770508 0.798177 0.04296875 0.046875 0.444058
0 0.811035 0.6360675 0.0595705 0.0533855 0.44521
0 0.854492 0.8033855 0.0449219 0.04427085 0.454885
0 0.7802735000000001 0.8359375 0.0527345 0.04427085 0.467718
0 0.6650389999999999 0.6783855000000001 0.046875 0.04166665 0.469234
0 0.5791015 0.6764325000000001 0.0488281 0.066406 0.479435
0 0.863281 0.8932289999999999 0.0527345 0.0729165 0.481643
0 0.6796875 0.9381510000000001 0.04296875 0.0559895 0.485759
0 0.659668 0.7226560000000001 0.0615235 0.04947915 0.48787
0 0.6591795 0.8652345 0.050781 0.063802 0.495289
0 0.5234375 0.8196614999999999 0.04296875 0.066406 0.495911
0 0.807129 0.55013 0.053711 0.061198 0.499099
1 0.6865235000000001 0.5253906 0.060547 0.050781 0.570106
0 0.6831055 0.8079424999999999 0.0439453 0.061198 0.60052
0 0.54052735 0.546875 0.071289 0.0833335 0.65737
