1 0.646094 0.4632355 0.03541665 0.03860295 0.250123
1 0.683724 0.2263325 0.0434896 0.04641545 0.266844
1 0.5963539999999999 0.4055605 0.02760415 0.03630515 0.269404
1 0.55612 0.444853 0.02890625 0.055147 0.286761
1 0.51770835 0.202206 0.03541665 0.054228 0.299699
1 0.5694009999999999 0.429228 0.0315104 0.0422794 0.302325
1 0.5559895 0.1546415 0.04270835 0.0537685 0.309543
1 0.6265625 0.3069855 0.03854165 0.0523895 0.321644
1 0.651823 0.3232995 0.04479165 0.059282999999999995 0.322394
1 0.616927 0.24402550000000003 0.03958335 0.04503675 0.327404
0 0.6934895 0.4496785 0.028645850000000004 0.0537685 0.339891
1 0.635156 0.202895 0.03958335 0.0556065 0.348675
1 0.5953125 0.3226105 0.04375 0.0413603 0.36318
1 0.5579425 0.213695 0.03828125 0.0459559 0.363534
1 0.6516925 0.3669575 0.0252604 0.03722425 0.369343
1 0.666276 0.4391085 0.0372396 0.04181985 0.404156
1 0.50898435 0.147978 0.01796875 0.04963235 0.413338
1 0.5704425000000001 0.3318015 0.03359375 0.0505515 0.420584
0 0.7348960000000001 0.4152115 0.0265625 0.0436581 0.457256
1 0.563802 0.0882355 0.052604 0.064338 0.463302
1 0.5096354 0.3359375 0.01927085 0.0625 0.471094
1 0.753255 0.285386 0.0372396 0.0588235 0.482392
1 0.7265625 0.3214615 0.03489585 0.04641545 0.507788
1 0.5802085 0.2858455 0.04114585 0.055147 0.50911
1 0.5363281499999999 0.467601 0.02734375 0.03722425 0.529429
1 0.5529949999999999 0.02159925 0.0523435 0.04319855 0.569253
1 0.252995 0.420037 0.0403646 0.04963235 0.251373
1 0.1458335 0.424173 0.0390625 0.04411765 0.254022
1 0.2316405 0.348116 0.0466146 0.065717 0.258958
0 0.472526 0.2660845 0.0346354 0.04963235 0.260387
1 0.4735675 0.142693 0.0361979 0.0454963 0.270763
1 0.307422 0.332031 0.04140625 0.0454963 0.274845
0 0.3328125 0.0836395 0.04479165 0.059742500000000004 0.276652
0 0.2309895 0.1089155 0.04010415 0.060662 0.280831
1 0.4660155 0.331112 0.0450521 0.0491728 0.284189
0 0.339974 0.464844 0.0236979 0.03630515 0.290131
1 0.1984375 0.4119945 0.0484375 0.0546875 0.296829
1 0.2841145 0.2879135 0.04270835 0.0537685 0.323044
0 0.366797 0.4485295 0.029947899999999996 0.03308825 0.326413
1 0.272396 0.4588695 0.02916665 0.04090075 0.32837
1 0.4834635 0.417969 0.02578125 0.04733455 0.329843
0 0.103646 0.435432 0.04010415 0.0445772 0.332071
1 0.2339845 0.37523 0.03984375 0.0546875 0.344085
1 0.3553385 0.160386 0.04609375 0.055147 0.3719
1 0.221745 0.474035 0.0283854 0.0381434 0.394554
1 0.297005 0.440487 0.0341146 0.04273895 0.403223
0 0.4739585 0.1461395 0.04322915 0.0505515 0.412344
0 0.443099 0.1413145 0.02890625 0.04181985 0.417751
1 0.470052 0.0222886 0.04166665 0.0445772 0.419358
1 0.15221349999999997 0.346048 0.0434896 0.0459559 0.448932
1 0.1802085 0.259421 0.03229165 0.0528495 0.45069
0 0.441276 0.101103 0.0309896 0.0505515 0.450863
1 0.235026 0.1670495 0.0419271 0.0491728 0.458911
1 0.18112 0.474035 0.0205729 0.03630515 0.483613
1 0.35612 0.222656 0.0450521 0.065717 0.485196
0 0.366276 0.08341 0.03515625 0.0454963 0.499888
1 0.296094 0.2201285 0.0359375 0.0404412 0.532974
1 0.1822915 0.47449450000000004 0.0453125 0.0436581 0.555084
1 0.3928385 0.316866 0.02890625 0.06204049999999999 0.55878
0 0.297005 0.9154410000000001 0.03046875 0.0367647 0.250136
1 0.23033849999999997 0.6962315 0.0388021 0.0367647 0.25393
1 0.2716145 0.610294 0.03854165 0.053309 0.266014
1 0.4877605 0.7895220000000001 0.01927085 0.0376838 0.272301
1 0.229297 0.6291359999999999 0.0440104 0.061581000000000004 0.290791
1 0.386719 0.658088 0.0265625 0.03400735 0.294726
0 0.365495 0.7690715 0.0372396 0.0537685 0.295037
0 0.4747395 0.658088 0.0265625 0.04411765 0.295476
1 0.4460935 0.638557 0.03802085 0.0565255 0.302501
1 0.24987 0.6475185 0.03203125 0.03400735 0.307163
1 0.485026 0.8954505 0.0231771 0.05193 0.313217
1 0.394401 0.778033 0.0341146 0.0569855 0.317112
1 0.3933595 0.8230700000000001 0.0268229 0.04319855 0.319388
1 0.358854 0.6364890000000001 0.04739585 0.061581000000000004 0.334693
1 0.172005 0.611673 0.0440104 0.085478 0.33973
0 0.2408855 0.870634 0.02395835 0.0335478 0.349227
0 0.3347655 0.52068015 0.0252604 0.03860295 0.349556
1 0.296354 0.953125 0.02447915 0.03492645 0.350445
1 0.284375 0.669807 0.0421875 0.0454963 0.352585
0 0.285677 0.9836855 0.025 0.0289522 0.367397
1 0.4714845 0.5886950000000001 0.029947899999999996 0.0514705 0.375422
1 0.297396 0.9145220000000001 0.034375 0.0367647 0.38598
1 0.380599 0.9278495 0.04609375 0.0505515 0.390034
1 0.2515625 0.670726 0.0375 0.04090075 0.400103
1 0.1890625 0.8733914999999999 0.0296875 0.0491728 0.408429
0 0.3739585 0.8318015000000001 0.02447915 0.0404412 0.412801
1 0.4522135 0.7640164999999999 0.04453125 0.0565255 0.41329
0 0.146745 0.7766545 0.0283854 0.0376838 0.419865
0 0.1691405 0.5147059 0.0377604 0.02941175 0.450197
0 0.244531 0.827895 0.03489585 0.04641545 0.462155
1 0.23085949999999997 0.765395 0.0440104 0.05193 0.497038
0 0.4735675 0.5259650499999999 0.0361979 0.05193 0.49905
1 0.46067699999999995 0.935202 0.04166665 0.03952205 0.528909
1 0.460547 0.8853400000000001 0.0341146 0.05193 0.531455
0 0.5610675 0.9609375 0.0377604 0.0514705 0.255851
1 0.5936199999999999 0.8295035000000001 0.029947899999999996 0.0459559 0.25718
1 0.5808595000000001 0.747013 0.029947899999999996 0.03722425 0.262367
1 0.648698 0.7566635 0.03333335 0.0528495 0.264925
0 0.54296875 0.9315255 0.03333335 0.0505515 0.265643
1 0.5903645 0.924862 0.025 0.0528495 0.268073
0 0.7053385 0.8386950000000001 0.0341146 0.04411765 0.272345
0 0.51015625 0.8079045 0.01979165 0.03860295 0.278498
1 0.5876300000000001 0.7895220000000001 0.01953125 0.03952205 0.285256
1 0.6884115000000001 0.8802849999999999 0.03828125 0.051011 0.28698
1 0.5951825 0.61466 0.0330729 0.0436581 0.296886
0 0.6894530000000001 0.7872245 0.0268229 0.0579045 0.297059
1 0.569531 0.7860755 0.03489585 0.03722425 0.299249
1 0.5109375 0.8074450000000001 0.021875 0.04963235 0.301579
1 0.5848960000000001 0.5788145 0.04479165 0.0491728 0.30261
0 0.699219 0.6594669999999999 0.01875 0.02849265 0.303584
1 0.66875 0.6282169999999999 0.04739585 0.0625 0.305488
1 0.7227865 0.6351105 0.0268229 0.04503675 0.312832
0 0.6903644999999999 0.8846505 0.03333335 0.0477941 0.315714
0 0.592448 0.921875 0.0296875 0.0514705 0.324608
1 0.6722655 0.616498 0.029947899999999996 0.0436581 0.329162
1 0.6455730000000001 0.6139705 0.03385415 0.03952205 0.34335
0 0.5625 0.8979779999999999 0.03333335 0.055147 0.351115
1 0.5720050000000001 0.640625 0.0497396 0.0376838 0.363912
1 0.52070315 0.841682 0.0309896 0.058364 0.363922
0 0.6970050000000001 0.6661305 0.02890625 0.0399816 0.39011
0 0.729948 0.7568935 0.0375 0.0505515 0.405094
0 0.7135414999999999 0.8028495 0.04270835 0.0523895 0.422797
1 0.5608074999999999 0.7339154999999999 0.0346354 0.0367647 0.423691
1 0.509375 0.859145 0.01875 0.0528495 0.423742
1 0.590495 0.8515625 0.04140625 0.04871325 0.44211
1 0.553125 0.603171 0.04791665 0.0528495 0.465945
1 0.5979165 0.890855 0.03645835 0.04641545 0.502064
1 0.54427085 0.6661305 0.02447915 0.05193 0.505249
1 0.582422 0.670956 0.0471354 0.046875 0.51341
1 0.6696615 0.8214615 0.0403646 0.04090075 0.52495
