0 0.479235 0.34766707160253285 0.0390625 0.049495129566488064 0.252971
0 0.297286 0.21119507842182172 0.0444079 0.04757296629322942 0.260379
0 0.400699 0.1496865533365806 0.080181 0.09082124013638578 0.262672
0 0.4483965 0.4658789634680955 0.04235195 0.04468977135898685 0.270124
0 0.405222 0.20494812274719923 0.0571545 0.0466118846566001 0.276314
0 0.173314 0.1749147588894301 0.0439967 0.04420920555284949 0.284674
0 0.104852 0.0427676080857282 0.03782895 0.03459853911349245 0.316819
0 0.48273050000000006 0.09754846176327327 0.03453945 0.07976862640038968 0.318146
0 0.219367 0.034117973307355096 0.0834705 0.06727471505114467 0.323547
0 0.357936 0.04517028718947881 0.1056745 0.09034047442766684 0.331652
0 0.0596215 0.18933073356064298 0.084704 0.06727471505114467 0.346565
0 0.1463815 0.1410372683877253 0.0361842 0.04468977135898685 0.348284
0 0.22512349999999998 0.4670798782269849 0.062089 0.05285874037993181 0.361179
0 0.0370066 0.34886848611787624 0.066612 0.05766439844130541 0.41747
0 0.230263 0.37866146712128596 0.084704 0.06631368339016075 0.436443
0 0.2730265 0.31138675207014127 0.0608555 0.062469556746225036 0.447499
0 0.4814965 0.4680409098879688 0.0370066 0.06343058840720897 0.450139
0 0.0668175 0.02859181636629323 0.03824015 0.03796224987822698 0.465877
0 0.03125 0.4584305932781296 0.0625 0.0768855314174379 0.468292
0 0.3620475 0.31931538821237215 0.04810855 0.05814466439357039 0.47732
0 0.2703535 0.46756064393570385 0.057977 0.031715294203604485 0.480542
0 0.11739299999999998 0.11436726546517292 0.05550999999999999 0.06535265172917681 0.497079
0 0.166735 0.46467754895275204 0.0949835 0.06727471505114467 0.518162
0 0.3040705 0.2566059483682416 0.062089 0.0768855314174379 0.541413
0 0.0692845 0.2537223536288359 0.1262335 0.16818703750608865 0.544971
0 0.47985199999999995 0.18836970189965904 0.04029605 0.07592449975645396 0.614631
0 0.3289475 0.125900145153434 0.129112 0.1393550881636629 0.632996
0 0.165296 0.0478132491962981 0.0592105 0.09370433511933755 0.633132
0 0.107936 0.40172722649780807 0.0884045 0.14416074622503655 0.639724
0 0.4432565 0.3406994671212859 0.0411184 0.0730414047735022 0.639989
0 0.2060035 0.2176824169508037 0.0863485 0.06535265172917681 0.655917
0 0.3922695 0.34886848611787624 0.067434 0.05574183536288359 0.701688
0 0.41838 0.2743852839746712 0.0793585 0.09899025913297613 0.707177
0 0.407689 0.4178253813930833 0.094161 0.08889917681441792 0.710731
0 0.2078535 0.32388066341938626 0.099918 0.08265222113979542 0.751585
1 0.393092 0.8913925981490501 0.1282895 0.10764004383828543 0.253145
0 0.027960549999999997 0.8296436902094495 0.03042765 0.04757296629322942 0.266542
0 0.378495 0.5252247924987823 0.0859375 0.04420920555284949 0.269851
1 0.24773849999999997 0.8983602026302971 0.0974505 0.09947052508524111 0.275459
0 0.47389 0.5651091056989772 0.0464638 0.08457428446176327 0.279538
0 0.168791 0.5295496348757915 0.057977 0.0365206524111057 0.280144
1 0.366365 0.7441083740867025 0.0526315 0.06198879103750608 0.296737
0 0.0230263 0.512490648222114 0.04605265 0.025468338528981976 0.297259
0 0.22964650000000003 0.8430986332196786 0.05550999999999999 0.0466118846566001 0.302871
0 0.3678045 0.7426670764734535 0.0497533 0.06295032245494397 0.30795
1 0.486431 0.9610701422308816 0.02713815 0.02883209926936191 0.316693
0 0.01912005 0.7371407696054554 0.029194099999999997 0.05766439844130541 0.318612
0 0.0807975 0.5216207988309791 0.0949835 0.04372868972235752 0.323805
0 0.193462 0.9512189430102289 0.04235195 0.04468977135898685 0.336569
0 0.4523025 0.9670767150511447 0.03453945 0.04565085299561617 0.339668
0 0.1175985 0.7248872411105699 0.0764805 0.08986020847540184 0.3405
0 0.1278785 0.8736127627861666 0.0797695 0.05766439844130541 0.341709
0 0.053043 0.7664534846566001 0.0542765 0.05285874037993181 0.355482
1 0.3032485 0.8515080350706283 0.03824015 0.04420920555284949 0.364307
1 0.0489309 0.7645314213346323 0.057566 0.05766439844130541 0.366215
1 0.4761515 0.6982172381880176 0.04769735 0.06823574671212859 0.389914
0 0.46073200000000003 0.7702976113005358 0.05550999999999999 0.05574183536288359 0.390912
0 0.136102 0.8183511933755478 0.04029605 0.03748173404773502 0.40398
0 0.4282484999999999 0.7936037535314174 0.0678455 0.05622260107160253 0.420049
0 0.2769325 0.5497320993667802 0.0768915 0.09610716415002435 0.430026
0 0.380551 0.9593884617632732 0.053043 0.03988441315148563 0.434304
0 0.0890215 0.5768823682415977 0.03577305 0.06102775937652216 0.444326
1 0.4516859999999999 0.9637128543594738 0.0439967 0.04757296629322942 0.461897
1 0.3192845 0.9026850949829518 0.0489309 0.06198879103750608 0.475755
0 0.24958900000000003 0.6857233268387726 0.055921000000000005 0.07015830979055042 0.481484
0 0.234992 0.7486736492937165 0.0596215 0.07015830979055042 0.48378
0 0.058594 0.6191692605942523 0.08676 0.06775548075986361 0.488974
0 0.3969985 0.6934120798830979 0.0768915 0.06343058840720897 0.514552
0 0.3418995 0.572557475888943 0.0818255 0.075444233804189 0.534973
0 0.3657485 0.8245981490501705 0.0884045 0.06727471505114467 0.535982
0 0.163857 0.7472318519240136 0.11965450000000001 0.12205601850949829 0.54082
1 0.128495 0.9665964490988798 0.0489309 0.034117973307355096 0.558996
1 0.12088799999999998 0.8745737944471506 0.091283 0.06343058840720897 0.571578
0 0.052015 0.9425696580613735 0.1040295 0.08505455041402826 0.573662
0 0.172286 0.6230138869946419 0.12088799999999998 0.16770677155382369 0.59774
0 0.0333059 0.5691936151972723 0.064967 0.05045641110569898 0.606168
0 0.04605265 0.6809181685338529 0.0625 0.08265222113979542 0.615345
0 0.251028 0.9014836804676084 0.102385 0.11148417048222115 0.633675
0 0.404811 0.8921132469556746 0.124589 0.11100340477350219 0.655419
0 0.477385 0.697977355090112 0.04523025 0.06871651242084754 0.665613
0 0.3125 0.7037435450560156 0.0814145 0.087938145153434 0.719505
0 0.4126235 0.6011495421334633 0.109786 0.13551096151972722 0.720514
1 0.9009045 0.03964413024841695 0.0641445 0.07928836044812469 0.25034
1 0.6525495 0.12253628446176328 0.046875 0.061508525085241114 0.257393
1 0.6192435 0.053099123234291286 0.075658 0.055261569410618605 0.2684
1 0.7183390000000001 0.06463200292255236 0.074013 0.09658743010228933 0.291616
0 0.7265625 0.06823574671212859 0.080592 0.09706819581100827 0.311859
1 0.806949 0.030273696736483197 0.0810035 0.06054749342425718 0.332522
0 0.5104852 0.10812030979055041 0.0209704 0.0893794427666829 0.348256
0 0.9557975000000001 0.35968071699951293 0.03001645 0.04757296629322942 0.359476
0 0.6272614999999999 0.47044373891865565 0.071135 0.04997564539698003 0.369646
0 0.8854850000000001 0.3421407647345348 0.0522205 0.05766439844130541 0.378893
0 0.963199 0.2431505056015587 0.04564145 0.1018733541159279 0.379685
0 0.9568255 0.08000900925474914 0.0699015 0.05237847442766683 0.382203
0 0.8501235 0.41638358402338044 0.062911 0.04757296629322942 0.400834
0 0.765625 0.48245738431563573 0.0592105 0.03459853911349245 0.408165
0 0.759663 0.4519432547491476 0.04810855 0.0389233315148563 0.41454
0 0.8776725000000001 0.2972111602532879 0.04235195 0.0427676080857282 0.431852
0 0.6819489999999999 0.12109498684851436 0.04810855 0.07592449975645396 0.441394
0 0.9366774999999999 0.47885314076960545 0.057566 0.0389233315148563 0.449634
0 0.5939555 0.1407968855333658 0.0596215 0.05670336678032148 0.460949
0 0.653166 0.12205601850949829 0.0505755 0.061508525085241114 0.469586
0 0.8199015000000001 0.29697077739892835 0.0699015 0.051897708718947874 0.496707
0 0.6223274999999999 0.053579888943010225 0.0744245 0.05333950608865076 0.497465
0 0.709087 0.3318092995616172 0.04235195 0.049495129566488064 0.510585
0 0.5415295999999999 0.11677009449585972 0.03536185 0.04036492898197759 0.516655
0 0.6040295 0.2179227998051632 0.0921055 0.1033151514856308 0.523578
0 0.7532895000000001 0.33325109693132 0.0608555 0.06583341743789575 0.547426
0 0.7950245 0.2037467082318558 0.13199 0.1960584549439844 0.557612
0 0.5415295999999999 0.4586704763760351 0.078125 0.075444233804189 0.564448
0 0.8196955 0.3822657106673161 0.0489309 0.054300537749634684 0.566873
0 0.6389805 0.30610082805650274 0.09375 0.0893794427666829 0.569777
0 0.54358555 0.33733560642961524 0.0682565 0.09034047442766684 0.617885
0 0.784745 0.4166239668777399 0.04564145 0.051897708718947874 0.661328
0 0.53207235 0.18861008475401853 0.0641445 0.08601558207501218 0.671771
0 0.6875 0.4178253813930833 0.1085525 0.14175791719434974 0.732564
0 0.7099095 0.9288743321967852 0.0472862 0.03363745747686313 0.258943
0 0.53227795 0.8966785221626887 0.0365954 0.04517028718947881 0.274003
0 0.793791 0.7763041841207987 0.0472862 0.04757296629322942 0.27651
1 0.946957 0.8539108641013152 0.071546 0.1422381831466147 0.278291
0 0.556538 0.9565048670238675 0.0497533 0.028351583438869947 0.283821
0 0.9463405 0.8522286838772528 0.0768915 0.13503019581100828 0.290887
0 0.7331415 0.7590051144666343 0.04851975 0.034117973307355096 0.296667
0 0.8815790000000001 0.8195526078908913 0.04358555 0.049495129566488064 0.297222
0 0.939967 0.8885095031660984 0.069079 0.08361325280077936 0.310048
0 0.8456005 0.880339984413054 0.04564145 0.025948904335119337 0.3235
1 0.5392681 0.8961977564539698 0.05550999999999999 0.051897708718947874 0.323938
0 0.6149260000000001 0.6446378490014613 0.03824015 0.051417442766682905 0.348032
0 0.8466285000000001 0.7426670764734535 0.0493421 0.0427676080857282 0.367423
0 0.9806745 0.5682325835362884 0.03782895 0.05333950608865076 0.374197
0 0.9329769999999998 0.7462708202630297 0.0608555 0.07496346809547004 0.382151
0 0.7467104999999999 0.9483358480272772 0.0657895 0.05622260107160253 0.41482
1 0.9255755 0.6698660545543107 0.051809 0.05766439844130541 0.42447
0 0.6354850000000001 0.5622260107160253 0.0439967 0.05766439844130541 0.453607
0 0.653166 0.7767849498295177 0.062089 0.051417442766682905 0.476582
0 0.585732 0.698938386751096 0.04810855 0.054300537749634684 0.491799
0 0.8071545 0.7167182221139795 0.04029605 0.07736629712615685 0.514131
0 0.8482729999999999 0.9281536833901607 0.1258225 0.08601558207501218 0.528108
0 0.755551 0.7008604500730639 0.03741775 0.04565085299561617 0.539295
0 0.610814 0.5718368270823185 0.0662005 0.061508525085241114 0.550718
0 0.54029605 0.5225818804676083 0.0764805 0.04565085299561617 0.572802
0 0.52158715 0.76284924111057 0.04070725 0.04757296629322942 0.585307
0 0.731908 0.8623202659522651 0.1036185 0.0744827023867511 0.607609
0 0.8297695 0.5458878227959084 0.088816 0.07880759473940574 0.617603
0 0.7586350000000001 0.6112406244520214 0.0764805 0.12109498684851436 0.626588
0 0.707031 0.6986980038967364 0.04564145 0.05381977204091573 0.634697
0 0.5686680000000001 0.7496346809547004 0.0699015 0.062469556746225036 0.643292
0 0.5844985 0.8164291300535801 0.071135 0.0730414047735022 0.645838
0 0.725329 0.8000910920603994 0.09375 0.06631368339016075 0.680699
0 0.643709 0.6902886020457866 0.06949 0.07736629712615685 0.755383
