0 0.5527345 0.154412 0.02421875 0.03952205 0.250319
0 0.7540365 0.2881435 0.03046875 0.0505515 0.256359
0 0.7395835000000001 0.450827 0.02916665 0.0459559 0.281388
0 0.610026 0.298024 0.0263021 0.04181985 0.283599
1 0.7041664999999999 0.341452 0.020833350000000004 0.03492645 0.294281
1 0.50885415 0.1465995 0.01770835 0.0505515 0.294412
0 0.6692710000000001 0.0505515 0.0375 0.04871325 0.316824
1 0.5180989500000001 0.2097885 0.0361979 0.04641545 0.322868
1 0.6666664999999999 0.4432445 0.0328125 0.04181985 0.336648
1 0.581901 0.2840075 0.03359375 0.0514705 0.340337
0 0.6921875 0.453355 0.0265625 0.0445772 0.350774
1 0.755469 0.2869945 0.0296875 0.04641545 0.368969
1 0.5519529999999999 0.217601 0.051823 0.050092 0.387429
1 0.5949220000000001 0.325138 0.0440104 0.0445772 0.388788
1 0.6552085000000001 0.3235295 0.04375 0.055147 0.398619
1 0.565625 0.089384 0.0421875 0.059282999999999995 0.403382
1 0.726953 0.326976 0.024739600000000004 0.03630515 0.4061
1 0.5720050000000001 0.3391545 0.0356771 0.0477941 0.409918
1 0.5647135 0.4370405 0.0450521 0.0670955 0.420019
1 0.634375 0.2068015 0.04166665 0.056066 0.43056
1 0.684245 0.233456 0.04609375 0.04871325 0.438942
1 0.616797 0.243566 0.0388021 0.0422794 0.451795
1 0.50898435 0.3403035 0.01796875 0.06112150000000001 0.461983
0 0.7309895 0.4184285 0.02916665 0.04181985 0.473256
1 0.5395833499999999 0.4724265 0.028645850000000004 0.04319855 0.477199
1 0.5529949999999999 0.02159925 0.0528645 0.04319855 0.500334
1 0.6497395 0.7472424999999999 0.03125 0.03860295 0.26227
0 0.7227865 0.636719 0.0263021 0.04181985 0.263214
1 0.5597654999999999 0.640855 0.0283854 0.0381434 0.263269
1 0.5721355 0.6465995 0.03541665 0.03125 0.270772
0 0.732552 0.7598805 0.03229165 0.03722425 0.272227
1 0.585156 0.5847885 0.04583335 0.050092 0.278954
1 0.7199220000000001 0.63534 0.0315104 0.0399816 0.285929
1 0.5091146 0.8088234999999999 0.018229149999999996 0.0477941 0.286081
1 0.52278645 0.84398 0.0283854 0.0482537 0.286771
0 0.52565105 0.8421414999999999 0.0268229 0.0445772 0.299219
1 0.5720050000000001 0.784467 0.0309896 0.0422794 0.302804
0 0.7041664999999999 0.839384 0.040625 0.0454963 0.311168
1 0.591927 0.8497245 0.04270835 0.04411765 0.317229
1 0.584375 0.7582720000000001 0.0265625 0.046875 0.318987
1 0.686849 0.8763785000000001 0.04296875 0.063419 0.32072
0 0.591797 0.921875 0.0294271 0.0514705 0.321683
0 0.6946615 0.67716 0.0216146 0.02619485 0.331891
0 0.560547 0.966912 0.0356771 0.0569855 0.338526
1 0.6730470000000001 0.6162685 0.0283854 0.04319855 0.344321
1 0.5105469 0.8639705 0.02109375 0.054228 0.360218
1 0.578776 0.6534924999999999 0.04453125 0.054228 0.394052
1 0.6691404999999999 0.6266085000000001 0.0450521 0.0556065 0.39537
0 0.7136720000000001 0.8042279999999999 0.0393229 0.0477941 0.414438
1 0.6440105 0.6222424999999999 0.03333335 0.0404412 0.417536
1 0.5553385 0.6045495 0.0450521 0.0491728 0.452987
1 0.5985675 0.891544 0.03203125 0.04503675 0.488367
1 0.561849 0.738281 0.0283854 0.0381434 0.489901
1 0.5433593999999999 0.6693475 0.0252604 0.04733455 0.532591
1 0.669401 0.825827 0.0408854 0.0422794 0.549601
0 0.363672 0.4476105 0.03203125 0.0422794 0.251826
1 0.223828 0.475184 0.022135399999999996 0.0376838 0.267387
0 0.297396 0.4409465 0.0265625 0.0482537 0.275728
0 0.367578 0.1047795 0.0361979 0.0505515 0.278066
1 0.221875 0.2380515 0.040625 0.0569855 0.282774
1 0.355469 0.1617645 0.04635415 0.054228 0.2846
1 0.460547 0.198989 0.0388021 0.0514705 0.286068
1 0.2333335 0.3775275 0.0453125 0.0454963 0.294897
1 0.473047 0.303309 0.0283854 0.04871325 0.29609
1 0.3604165 0.226103 0.0375 0.061581000000000004 0.296557
1 0.23059900000000003 0.2244945 0.0408854 0.0528495 0.301957
1 0.179948 0.2580425 0.02447915 0.0445772 0.303994
1 0.2191405 0.47725200000000007 0.0466146 0.0454963 0.309176
1 0.2858075 0.2858455 0.03828125 0.04963235 0.312635
0 0.4733075 0.1486675 0.0408854 0.05193 0.319264
1 0.464974 0.415441 0.0361979 0.0625 0.324385
1 0.296094 0.441406 0.0296875 0.04273895 0.329847
0 0.443229 0.1440715 0.0265625 0.050092 0.341223
1 0.3148435 0.334559 0.02708335 0.0413603 0.341321
1 0.197396 0.4138325 0.0484375 0.0537685 0.347932
1 0.4733075 0.1482075 0.0325521 0.0454963 0.368768
1 0.4859375 0.1982995 0.028125 0.067555 0.369943
0 0.3677085 0.085248 0.03229165 0.050092 0.374046
0 0.4421875 0.1015625 0.0296875 0.056066 0.382334
0 0.23059900000000003 0.1107535 0.03515625 0.055147 0.385772
1 0.451172 0.469669 0.0263021 0.0514705 0.392505
1 0.271224 0.463695 0.0294271 0.0422794 0.415465
1 0.4871095 0.4140625 0.0231771 0.0505515 0.436546
0 0.473047 0.267693 0.02421875 0.04641545 0.439109
1 0.2347655 0.1659005 0.0403646 0.046875 0.512087
0 0.3315105 0.08341 0.04427085 0.051011 0.512939
1 0.295703 0.221048 0.03359375 0.0367647 0.531741
1 0.391927 0.318704 0.028125 0.057445 0.56503
1 0.4701825 0.02297795 0.0403646 0.0459559 0.568619
1 0.18125 0.475184 0.04583335 0.03860295 0.569823
1 0.1502605 0.346048 0.0421875 0.053309 0.6391
1 0.3046875 0.7601105 0.04583335 0.068934 0.253292
1 0.4852865 0.8343289999999999 0.02734375 0.04273895 0.255141
1 0.2708335 0.6119025 0.03645835 0.0482537 0.260778
1 0.451302 0.7672335000000001 0.03072915 0.0537685 0.273636
0 0.371354 0.8276654999999999 0.0359375 0.046875 0.278098
1 0.373698 0.8910845000000001 0.04114585 0.0477941 0.308806
0 0.3664065 0.767693 0.03697915 0.04733455 0.321372
1 0.1785155 0.7568935 0.0419271 0.053309 0.326352
0 0.297526 0.9156710000000001 0.0309896 0.03630515 0.34161
1 0.2665365 0.8212315 0.0502605 0.0514705 0.366011
1 0.3334635 0.5211397 0.0315104 0.03952205 0.37711
1 0.3678385 0.6410845000000001 0.057552 0.060662 0.377948
1 0.297396 0.9161305 0.03229165 0.03538605 0.379809
1 0.188672 0.877987 0.029947899999999996 0.0546875 0.379831
1 0.4740885 0.5909924999999999 0.0252604 0.0505515 0.387864
1 0.48463550000000005 0.8986675 0.02395835 0.04090075 0.396042
0 0.16783849999999997 0.5147059 0.0361979 0.02941175 0.411008
0 0.147396 0.777344 0.02760415 0.03538605 0.41864
1 0.446745 0.6364890000000001 0.0419271 0.064338 0.436416
1 0.295573 0.9563420000000001 0.02395835 0.0367647 0.439317
1 0.3809895 0.930377 0.04427085 0.050092 0.443178
1 0.458854 0.93727 0.0375 0.04181985 0.443935
1 0.246875 0.664752 0.04375 0.04733455 0.448765
0 0.4734375 0.5275735500000001 0.03489585 0.055147 0.456419
1 0.283854 0.6693475 0.04583335 0.04641545 0.507269
1 0.23033849999999997 0.7649355 0.0393229 0.05193 0.513178
1 0.228776 0.6307445 0.04765625 0.06112150000000001 0.553483
1 0.4615885 0.8878674999999999 0.02734375 0.0477941 0.568411
