1 0.23211349999999997 0.48245738431563573 0.0522205 0.03459853911349245 0.274473
0 0.1171875 0.43848831173891867 0.0394737 0.030273696736483197 0.282463
0 0.1085525 0.3630440779347297 0.02960525 0.049495129566488064 0.284904
0 0.1957235 0.4310399415489528 0.03289475 0.03748173404773502 0.285428
0 0.378906 0.09010009157330737 0.0522205 0.04565085299561617 0.290867
0 0.372944 0.47068412177301505 0.0526315 0.049495129566488064 0.293967
0 0.1661185 0.12229640136385778 0.0542765 0.05045641110569898 0.295262
1 0.1856495 0.3515111982464686 0.06044399999999999 0.0389233315148563 0.296973
0 0.48458049999999997 0.11124378762786166 0.02425985 0.05622260107160253 0.30202
1 0.372944 0.4687620584510472 0.0501645 0.05045641110569898 0.303281
1 0.435444 0.251800290306868 0.0625 0.04132601061860691 0.309335
1 0.2966695 0.35175158110082805 0.03824015 0.03748173404773502 0.321207
1 0.22697349999999997 0.447138096444228 0.04029605 0.026429420165611298 0.326899
1 0.415707 0.21455893911349247 0.05674350000000001 0.054300537749634684 0.337729
1 0.1681745 0.39307744179249876 0.046875 0.04420920555284949 0.363381
1 0.082237 0.270781540185095 0.04523025 0.0427676080857282 0.366058
1 0.2668585 0.46299536872868974 0.04523025 0.04468977135898685 0.366886
1 0.0890215 0.48654189381393087 0.0439967 0.026429420165611298 0.384301
1 0.4025495 0.021143546127618117 0.060033 0.03844281568436434 0.387955
1 0.070518 0.3846685396980029 0.03824015 0.029312615099853872 0.389274
1 0.417763 0.33541354310764737 0.04029605 0.05862543010228933 0.418062
0 0.3355265 0.08145080662445202 0.0501645 0.04757296629322942 0.433073
1 0.3591695 0.17131051534339992 0.0768915 0.05045641110569898 0.438405
1 0.0386513 0.36112201461276183 0.057566 0.04565085299561617 0.463817
1 0.176809 0.17563540769605454 0.0526315 0.06198879103750608 0.507687
1 0.2643915 0.2325791573307355 0.055921000000000005 0.04805348212372138 0.565108
1 0.363898 0.23474160350706283 0.082237 0.07352167072576717 0.625023
0 0.8943255 0.4745282484169508 0.04276315 0.04180652644909888 0.251017
1 0.918791 0.42094885923039455 0.03988485 0.03844281568436434 0.251681
1 0.5446135000000001 0.2830350686799805 0.03741775 0.0490145637603507 0.252385
1 0.8762334999999999 0.24194959084266926 0.0526315 0.04180652644909888 0.25783
1 0.587171 0.15737530638090602 0.046875 0.03796224987822698 0.258735
0 0.7592515 0.3116271349245007 0.0448191 0.03988441315148563 0.264931
0 0.5902550000000001 0.1559335090112031 0.0505755 0.04180652644909888 0.267854
0 0.7417765000000001 0.4247929858743303 0.03453945 0.02883209926936191 0.27012
1 0.8373765 0.3382966380905991 0.0439967 0.04036492898197759 0.276829
1 0.8013979999999999 0.21383829030686802 0.04769735 0.04709245046273746 0.280318
1 0.693462 0.05838504724792986 0.056332 0.04084549478811496 0.286683
1 0.9498355000000002 0.43512445104724795 0.0419408 0.04468977135898685 0.300336
0 0.8834295 0.30850365708718946 0.0365954 0.02883209926936191 0.301835
1 0.893092 0.4733268339016074 0.0444079 0.03940389732099367 0.304545
1 0.5316612000000001 0.42695543205065756 0.04358555 0.031234778373112518 0.30879
1 0.787418 0.31787409059912325 0.04523025 0.0427676080857282 0.328924
0 0.9835524999999999 0.29697077739892835 0.03289475 0.04709245046273746 0.329459
1 0.6474095 0.4860611281052119 0.03824015 0.027390501802240626 0.329895
1 0.53721215 0.4543460837798344 0.0365954 0.03700121821724306 0.341756
0 0.974301 0.3248416950803702 0.0390625 0.03555957077447638 0.350522
1 0.9451070000000001 0.34286191329761323 0.0365954 0.034117973307355096 0.361767
1 0.5653785 0.20927301509985385 0.04851975 0.06102775937652216 0.36946
1 0.709293 0.3109059863614223 0.04851975 0.030754262542620557 0.373027
1 0.5306332 0.20975378080857282 0.0448191 0.054300537749634684 0.401063
1 0.53515625 0.3469464227959084 0.0448191 0.05574183536288359 0.40371
1 0.54091285 0.024987822698490016 0.04070725 0.04517028718947881 0.413329
1 0.7726149999999999 0.2554045338528982 0.051809 0.04084549478811496 0.433544
1 0.8264805 0.3853891885046274 0.03782895 0.02979318090599123 0.43996
1 0.6696135000000001 0.2277734992693619 0.058799500000000005 0.04709245046273746 0.441661
1 0.6128699999999999 0.22152654359473942 0.056332 0.04709245046273746 0.462233
0 0.9539475000000001 0.4375272800779347 0.03453945 0.04565085299561617 0.47366
1 0.741982 0.34334217924987825 0.06044399999999999 0.03796224987822698 0.49929
1 0.7014805 0.3498295177788602 0.0419408 0.03459853911349245 0.500055
1 0.8482729999999999 0.46107330540672187 0.04851975 0.029312615099853872 0.508606
1 0.574013 0.4332023877252801 0.04029605 0.03700121821724306 0.528007
1 0.5966285 0.35655723916220167 0.03782895 0.05093667705796395 0.555036
1 0.5446135000000001 0.1547320944958597 0.0546875 0.051897708718947874 0.566028
1 0.6877055 0.0980292274719922 0.061266499999999995 0.05670336678032148 0.657852
1 0.665913 0.021624061958110084 0.051398 0.04132601061860691 0.670056
0 0.065995 0.5350757918168534 0.0653785 0.03604013658061374 0.253282
1 0.2502055 0.7030228962493912 0.0390625 0.04324817389186557 0.269522
1 0.22347849999999997 0.8546315129079397 0.0505755 0.03796224987822698 0.270297
1 0.4917765 0.8029741870433512 0.014802650000000002 0.07208037311251828 0.281354
1 0.3869245 0.5247442766682903 0.0526315 0.04709245046273746 0.302875
1 0.370477 0.672508766682903 0.06167750000000001 0.06198879103750608 0.305625
0 0.3838405 0.8726517311251827 0.03741775 0.0365206524111057 0.313917
0 0.378495 0.8051366332196785 0.03988485 0.0427676080857282 0.314593
1 0.164268 0.7325754943984413 0.05386500000000001 0.031234778373112518 0.323854
1 0.290707 0.7839929371651242 0.04523025 0.04372868972235752 0.324704
1 0.3879525 0.9346405221626888 0.061266499999999995 0.06439162006819288 0.337216
1 0.0707235 0.6412739883097905 0.04769735 0.07063857574281539 0.342927
1 0.414268 0.6929313141743789 0.03495065 0.0365206524111057 0.350929
0 0.1848275 0.8683268387725281 0.0489309 0.04517028718947881 0.361984
0 0.48601949999999994 0.5223415975645397 0.027960549999999997 0.04324817389186557 0.370937
0 0.423931 0.8065779308329275 0.03207235 0.03796224987822698 0.372707
1 0.0744245 0.7851943516804676 0.04276315 0.03940389732099367 0.388617
1 0.1953125 0.6821195830491963 0.04523025 0.03219586000974184 0.400867
1 0.224918 0.6472805611300536 0.050987 0.05478080370189966 0.405489
1 0.3273025 0.548771017730151 0.04851975 0.03844281568436434 0.407114
1 0.2689145 0.9524203575255724 0.05674350000000001 0.05381977204091573 0.452462
0 0.0289885 0.8128248865075499 0.0439967 0.03219586000974184 0.481199
1 0.1650905 0.8036948358499757 0.058799500000000005 0.05910569605455431 0.493822
1 0.0956005 0.9180621013151485 0.053043 0.04565085299561617 0.49531
1 0.1959295 0.7030228962493912 0.0464638 0.02979318090599123 0.522476
1 0.7391035 0.6379101276181198 0.03741775 0.04565085299561617 0.255867
1 0.5717515 0.9396860633219678 0.051398 0.04372868972235752 0.278325
0 0.5941609999999999 0.956264983925962 0.0550985 0.026909985971748658 0.283526
1 0.703125 0.6777946906965416 0.087171 0.04084549478811496 0.283534
0 0.628084 0.8827428134437408 0.0464638 0.04997564539698003 0.2873
1 0.567434 0.875775208962494 0.04769735 0.05045641110569898 0.297795
1 0.858758 0.7815901081344374 0.04317435 0.029312615099853872 0.303151
1 0.6986020000000001 0.8207540224062347 0.0337171 0.030754262542620557 0.304074
1 0.719367 0.7914413073550902 0.03495065 0.04036492898197759 0.304808
1 0.8268915 0.8171497788602045 0.03453945 0.03604013658061374 0.307434
1 0.7446545 0.9327184588407209 0.04851975 0.04036492898197759 0.309406
1 0.8982319999999999 0.7808694593278129 0.04070725 0.031715294203604485 0.3113
1 0.71875 0.7066266400389672 0.060033 0.04372868972235752 0.31243
1 0.7232729999999999 0.6210913239162202 0.05674350000000001 0.05718363273258646 0.313556
0 0.9282484999999998 0.6256565991232342 0.0365954 0.04132601061860691 0.317392
1 0.8581415000000001 0.6686646400389673 0.04358555 0.026429420165611298 0.3247
0 0.8980265000000001 0.7114322981003409 0.0394737 0.027390501802240626 0.326596
1 0.8871299999999999 0.8226760857282027 0.03495065 0.04805348212372138 0.334101
1 0.8233965 0.7844737028738431 0.0415296 0.03796224987822698 0.344721
0 0.5343339 0.8406963039454458 0.04235195 0.03988441315148563 0.351655
1 0.8157895000000001 0.65448854846566 0.04605265 0.03555957077447638 0.357079
1 0.515625 0.5225818804676083 0.03125 0.03604013658061374 0.359934
1 0.5501645 0.6948538772528008 0.0386513 0.051897708718947874 0.361897
1 0.7255345 0.8279620097418411 0.03988485 0.03748173404773502 0.373393
1 0.667969 0.6297411086215295 0.0448191 0.04853404792985874 0.389028
0 0.5497533 0.6955745260594253 0.04605265 0.04468977135898685 0.390017
0 0.546875 0.5518945455431077 0.066612 0.06871651242084754 0.403063
0 0.7335524999999999 0.9663560662445203 0.0370066 0.04613136882610814 0.408738
1 0.54605265 0.6150847510959572 0.0386513 0.04709245046273746 0.408928
1 0.9200244999999999 0.8447808134437409 0.04564145 0.04036492898197759 0.412454
1 0.7347859999999999 0.880339984413054 0.0493421 0.05381977204091573 0.441367
0 0.9074834999999999 0.6504040389673649 0.0337171 0.03796224987822698 0.446302
0 0.682566 0.9440109556746225 0.0444079 0.0466118846566001 0.458006
0 0.939556 0.7842333200194838 0.0337171 0.03267637584023381 0.472273
1 0.8628700000000001 0.6463195294690697 0.0448191 0.03363745747686313 0.479022
1 0.769531 0.8517484179249878 0.053043 0.04084549478811496 0.484628
1 0.6001235 0.849345588894301 0.04564145 0.04372868972235752 0.494203
0 0.9210524999999999 0.8464624939113492 0.046875 0.03796224987822698 0.494352
1 0.686061 0.7724600574768631 0.04317435 0.0389233315148563 0.497557
0 0.9027549999999999 0.6883665387238188 0.02754935 0.029312615099853872 0.513054
1 0.5984785 0.9036461266439357 0.0448191 0.049495129566488064 0.52063
0 0.939967 0.6657815450560156 0.0411184 0.0427676080857282 0.522618
1 0.6570725000000001 0.6982172381880176 0.0370066 0.04805348212372138 0.531943
1 0.54790295 0.5528555772040916 0.051398 0.06487238577691183 0.539999
1 0.5298108499999999 0.9276729176814417 0.04810855 0.05333950608865076 0.554719
1 0.8542350000000001 0.8632812976132489 0.053043 0.03796224987822698 0.646931
