1 0.6496095000000001 0.3639705 0.03203125 0.04411765 0.250201
0 0.692969 0.453355 0.02708335 0.0436581 0.26284
1 0.684505 0.230469 0.0481771 0.050092 0.267636
1 0.5803385 0.2892925 0.0205729 0.0344669 0.273927
0 0.6696615 0.0480239 0.0408854 0.0528495 0.275744
1 0.6260414999999999 0.3044575 0.03802085 0.05193 0.275951
1 0.667969 0.438419 0.04270835 0.0459559 0.283643
1 0.5554685 0.1587775 0.03385415 0.051011 0.302835
1 0.5536460000000001 0.215533 0.0484375 0.0569855 0.331452
1 0.5197916499999999 0.207031 0.03958335 0.0482537 0.346113
1 0.6354164999999999 0.2038145 0.03541665 0.0546875 0.34638
1 0.6161460000000001 0.243796 0.040625 0.0445772 0.367116
1 0.560026 0.4450825 0.03046875 0.0556065 0.377645
1 0.50846355 0.1472885 0.016927100000000004 0.050092 0.379165
1 0.5802085 0.283548 0.03854165 0.0514705 0.407376
1 0.595052 0.323759 0.0453125 0.04273895 0.409985
0 0.732552 0.4159005 0.03020835 0.04411765 0.415575
1 0.570573 0.334559 0.03020835 0.04871325 0.419596
1 0.754427 0.286535 0.03854165 0.0556065 0.44602
1 0.7264324999999999 0.3244485 0.0268229 0.04319855 0.462223
1 0.650781 0.3235295 0.0453125 0.056066 0.464963
1 0.5095052 0.337316 0.0190104 0.060662 0.497889
1 0.53645835 0.46852 0.02708335 0.03538605 0.498739
1 0.5647135 0.089614 0.0502605 0.0670955 0.537624
1 0.553125 0.0211397 0.0520835 0.0422794 0.561475
0 0.3640625 0.446691 0.03125 0.046875 0.251404
1 0.231901 0.217831 0.0450521 0.04503675 0.254711
1 0.29713550000000005 0.4402575 0.028125 0.04503675 0.260155
0 0.205599 0.420726 0.0268229 0.03722425 0.279561
1 0.252604 0.419577 0.03854165 0.054228 0.280571
1 0.219401 0.2339155 0.04140625 0.055147 0.310316
1 0.275781 0.4588695 0.04166665 0.0565255 0.319583
1 0.179427 0.257353 0.03385415 0.04963235 0.319976
1 0.46067699999999995 0.1973805 0.03854165 0.051011 0.320922
1 0.472656 0.142463 0.03541665 0.0459559 0.322853
1 0.473177 0.301241 0.028125 0.04641545 0.325405
0 0.473177 0.266774 0.02447915 0.0454963 0.344044
1 0.217578 0.47633249999999994 0.04765625 0.04641545 0.356332
0 0.44375 0.1413145 0.02760415 0.04733455 0.375059
1 0.465495 0.4131435 0.0341146 0.0569855 0.37998
1 0.2859375 0.2867645 0.0375 0.04963235 0.386268
1 0.2341145 0.373851 0.0390625 0.04641545 0.386546
1 0.4516925 0.465763 0.0231771 0.04641545 0.389784
0 0.3408855 0.07284 0.03541665 0.04733455 0.405515
1 0.4875 0.415441 0.025 0.059742500000000004 0.413715
1 0.48463550000000005 0.19784 0.03072915 0.066636 0.429134
0 0.4410155 0.100873 0.0294271 0.05193 0.433741
1 0.2354165 0.16682 0.03802085 0.0459559 0.435329
0 0.4735675 0.1463695 0.04140625 0.0546875 0.474777
0 0.366146 0.082261 0.03229165 0.04319855 0.47642
1 0.469922 0.0222886 0.0403646 0.0445772 0.490595
1 0.18112 0.4742645 0.01796875 0.0358456 0.493597
1 0.2954425 0.2203585 0.0346354 0.0390625 0.540162
1 0.1514325 0.342831 0.04453125 0.0514705 0.543452
1 0.1815105 0.4747245 0.0421875 0.0376838 0.573406
1 0.393229 0.316406 0.02760415 0.06020199999999999 0.576394
0 0.4673175 0.6484375 0.0190104 0.02757355 0.250588
1 0.4472655 0.6318935 0.0346354 0.0514705 0.254178
1 0.251953 0.6656710000000001 0.0408854 0.04090075 0.257509
1 0.2346355 0.8825825 0.03802085 0.050092 0.258634
1 0.1740885 0.7449450000000001 0.029947899999999996 0.04411765 0.26343
1 0.270573 0.6098345000000001 0.0390625 0.053309 0.263996
1 0.3921875 0.8219210000000001 0.02447915 0.0482537 0.266415
1 0.358854 0.6344210000000001 0.040625 0.05193 0.268566
1 0.180729 0.792509 0.03645835 0.04641545 0.270571
1 0.2471355 0.6514245 0.03333335 0.0381434 0.273099
0 0.36862 0.7722885 0.0309896 0.04273895 0.288305
1 0.4871095 0.7874539999999999 0.02578125 0.0436581 0.293184
1 0.4820315 0.8952205 0.02135415 0.0459559 0.296473
0 0.4928385 0.9411765000000001 0.0106771 0.03492645 0.304625
0 0.447526 0.7642464999999999 0.03203125 0.0579045 0.308421
0 0.376953 0.876838 0.0263021 0.0404412 0.308647
1 0.2954425 0.9538145 0.02421875 0.03538605 0.313302
0 0.2858075 0.9818475000000001 0.03046875 0.03079045 0.326917
0 0.24674500000000002 0.827895 0.03828125 0.04273895 0.330421
1 0.2839845 0.667969 0.0440104 0.0454963 0.337605
1 0.26888 0.815487 0.0455729 0.04181985 0.344396
1 0.1734375 0.612362 0.04010415 0.0877755 0.362385
0 0.3708335 0.8285845000000001 0.03229165 0.0376838 0.377134
1 0.2295575 0.6291359999999999 0.0481771 0.0652575 0.39037
1 0.296354 0.9138325 0.03489585 0.0436581 0.408745
1 0.1878905 0.872702 0.03203125 0.0477941 0.426961
1 0.473698 0.5886950000000001 0.0234375 0.0505515 0.433538
1 0.379948 0.9329045 0.04583335 0.0459559 0.435818
0 0.46067699999999995 0.794807 0.0296875 0.0390625 0.436957
1 0.3334635 0.5209099500000001 0.0330729 0.0390625 0.442628
0 0.1677085 0.51378675 0.03385415 0.02757355 0.442864
0 0.147005 0.7745865 0.0268229 0.0344669 0.458267
0 0.4735675 0.52619485 0.03359375 0.0523895 0.462987
1 0.459505 0.8841910000000001 0.0346354 0.0514705 0.532901
1 0.2302085 0.763557 0.04583335 0.051011 0.547444
1 0.4596355 0.935202 0.04375 0.03952205 0.548143
0 0.52565105 0.8412224999999999 0.0263021 0.0454963 0.261421
0 0.729948 0.7573529999999999 0.03645835 0.04871325 0.273111
0 0.7052085 0.8377755 0.034375 0.04411765 0.275968
1 0.6734375 0.6144299999999999 0.028645850000000004 0.0477941 0.292393
1 0.5209635499999999 0.8423714999999999 0.0309896 0.054228 0.299093
0 0.6984375 0.6578585000000001 0.01927085 0.0298713 0.299762
1 0.591406 0.844669 0.04947915 0.053309 0.300636
0 0.5927085000000001 0.9246325000000001 0.025 0.0459559 0.303157
0 0.5598960000000001 0.9650734999999999 0.03802085 0.055147 0.319462
1 0.6484375 0.7516085000000001 0.03802085 0.0491728 0.325732
1 0.7196615000000001 0.6351105 0.0330729 0.0422794 0.327348
1 0.5850259999999999 0.5850185 0.04453125 0.0523895 0.328346
1 0.51015625 0.8074450000000001 0.0203125 0.0514705 0.337671
0 0.5597654999999999 0.8982075 0.0330729 0.051011 0.366812
1 0.5826825 0.6702664999999999 0.0471354 0.051011 0.371087
1 0.6860675 0.872013 0.0388021 0.0537685 0.375026
1 0.5760415 0.6470589999999999 0.04166665 0.02849265 0.377718
1 0.5609375 0.734145 0.03125 0.0381434 0.38208
1 0.51002605 0.860524 0.0200521 0.0537685 0.416936
0 0.7122395 0.8051470000000001 0.03645835 0.0477941 0.42122
1 0.5503905 0.6001839999999999 0.0440104 0.0505515 0.431169
1 0.54322915 0.6670495 0.0234375 0.0491728 0.468263
1 0.598047 0.8913145 0.0341146 0.0491728 0.498287
1 0.668099 0.8232995 0.0403646 0.04273895 0.500457
