0 0.9548610000000001 0.4360854827082319 0.03194445 0.05237847442766683 0.255403
0 0.9751735000000001 0.4187864130540672 0.03993055 0.05814466439357039 0.295494
1 0.5345486 0.20278567657087188 0.0392361 0.026909985971748658 0.300177
1 0.54739585 0.15329079688261082 0.03645835 0.03748173404773502 0.314964
0 0.8385414999999999 0.2991332235752558 0.0284722 0.03315694164637116 0.332423
0 0.769097 0.013695225913297613 0.03541665 0.027390501802240626 0.333104
0 0.9467014999999999 0.2561251826595226 0.04131945 0.051897708718947874 0.338445
0 0.8720485000000001 0.08601558207501218 0.030208349999999995 0.04228709225523623 0.418635
0 0.5947914999999999 0.377700435460302 0.03958335 0.04228709225523623 0.424642
0 0.9208335000000001 0.3969220681928885 0.04583335 0.04132601061860691 0.429198
0 0.55625 0.3793826156843644 0.04444445 0.04565085299561617 0.437883
0 0.8057289999999999 0.4228709225523624 0.0538195 0.06631368339016075 0.437951
0 0.733854 0.15208938236726743 0.04131945 0.05333950608865076 0.450929
1 0.5928819999999999 0.226812467608378 0.040625 0.04036492898197759 0.457777
0 0.5866319999999999 0.3270041412566975 0.040625 0.0427676080857282 0.457835
0 0.816146 0.34646565708718946 0.0440972 0.06535265172917681 0.468259
0 0.5963539999999999 0.016818703750608864 0.062847 0.031715294203604485 0.470902
0 0.9779514999999999 0.4062925017048222 0.02881945 0.03700121821724306 0.488173
0 0.9177085 0.4332023877252801 0.04305555 0.055261569410618605 0.508295
0 0.739757 0.027630784705309303 0.0357639 0.0389233315148563 0.513179
0 0.8927085 0.09034047442766684 0.026388900000000003 0.03459853911349245 0.517394
0 0.9427085000000001 0.24194959084266926 0.03194445 0.0427676080857282 0.527415
0 0.956771 0.27006089137847056 0.0371528 0.04420920555284949 0.547107
0 0.9036460000000001 0.17083024939113492 0.034375 0.04180652644909888 0.584107
0 0.775868 0.03555957077447638 0.0392361 0.04132601061860691 0.605279
0 0.849479 0.34622527423283 0.054514 0.05910569605455431 0.61168
0 0.7387155 0.20302605942523136 0.053125 0.06102775937652216 0.625179
0 0.8708335 0.17996030004870922 0.04166665 0.05237847442766683 0.628264
0 0.8685764999999999 0.42719581490501707 0.073264 0.11052313882123721 0.631946
0 0.594097 0.42407233706770586 0.065972 0.07928836044812469 0.633076
0 0.9069444999999999 0.3673689702873843 0.05 0.051417442766682905 0.653194
0 0.8043405 0.2681383283000487 0.060764000000000006 0.06823574671212859 0.669029
0 0.8913194999999999 0.24002702776424745 0.04791665 0.051417442766682905 0.674179
0 0.757639 0.37505772333170967 0.088889 0.13406916415002434 0.692459
0 0.771007 0.10571748075986362 0.04895835 0.051897708718947874 0.709525
0 0.7855905 0.17563540769605454 0.053125 0.07640526546517291 0.710678
0 0.23263899999999998 0.9764471485630785 0.05625 0.024987822698490016 0.260602
0 0.3769095 0.7390628329274234 0.0329861 0.04517028718947881 0.308288
0 0.0760415 0.7611675606429614 0.0340278 0.030754262542620557 0.333034
0 0.179861 0.6580927920116901 0.04375 0.04180652644909888 0.33344
0 0.3555555 0.9596283448611788 0.05625 0.04613136882610814 0.423655
0 0.436632 0.9368029683390162 0.062847 0.05814466439357039 0.439185
0 0.3185765 0.9221466108134437 0.054514 0.06343058840720897 0.447341
0 0.3814235 0.6936524627374574 0.03993055 0.05718363273258646 0.455306
0 0.078125 0.9209451962981003 0.03333335 0.0389233315148563 0.49432
0 0.43211799999999995 0.8916329810034096 0.0482639 0.06775548075986361 0.516652
0 0.11822900000000001 0.6379101276181198 0.03506945 0.03315694164637116 0.524843
0 0.057639 0.891872864101315 0.027083350000000003 0.03363745747686313 0.53004
0 0.1243055 0.7825511397954212 0.0298611 0.049495129566488064 0.532256
0 0.23125 0.6722683838285436 0.04166665 0.04517028718947881 0.532851
0 0.18246549999999997 0.6970163234291281 0.046180549999999994 0.04853404792985874 0.55001
0 0.392882 0.6210913239162202 0.059375 0.06198879103750608 0.552455
0 0.2206595 0.723926209449586 0.046180549999999994 0.04372868972235752 0.557257
0 0.177778 0.8457418451047248 0.0347222 0.06054749342425718 0.56469
0 0.122396 0.60451290306868 0.03854165 0.04517028718947881 0.568563
0 0.2041665 0.8945160759863614 0.04861109999999999 0.04468977135898685 0.578065
0 0.1600695 0.9322381928884559 0.0402778 0.05478080370189966 0.580239
0 0.03350695 0.736900386751096 0.0420139 0.04565085299561617 0.585658
0 0.04496530000000001 0.7784666302971261 0.0357639 0.04613136882610814 0.600928
0 0.346354 0.7032632791037506 0.053125 0.07928836044812469 0.617018
0 0.2185765 0.8402155382367268 0.056597 0.07736629712615685 0.619565
0 0.3958335 0.861839500243546 0.059028 0.08889917681441792 0.621995
0 0.19166649999999996 0.6102795927910375 0.063889 0.07111934145153434 0.660671
0 0.3444445 0.8683268387725281 0.0819445 0.09130150608865076 0.671543
0 0.426389 0.7191205513882123 0.072222 0.08889917681441792 0.739607
0 0.444271 0.39644130248416953 0.046180549999999994 0.06535265172917681 0.254033
0 0.253472 0.14536166098392594 0.0409722 0.04084549478811496 0.272467
0 0.1479165 0.07928836044812469 0.025694449999999997 0.03363745747686313 0.309528
0 0.2697915 0.014416074622503654 0.03333335 0.026909985971748658 0.314188
0 0.1788195 0.36280419483682413 0.0361111 0.051897708718947874 0.356036
0 0.176389 0.055261569410618605 0.02916665 0.03748173404773502 0.372458
0 0.3885415 0.1609790501704822 0.0340278 0.04709245046273746 0.40222
0 0.277257 0.044930004286410134 0.0454861 0.03700121821724306 0.422298
0 0.31875 0.014896590452995614 0.0375 0.02979318090599123 0.428391
0 0.2425345 0.44881977691183633 0.05243049999999999 0.04997564539698003 0.436496
0 0.22135400000000002 0.21335752459814902 0.0371528 0.05574183536288359 0.436677
0 0.448611 0.36544690696541643 0.04513890000000001 0.04853404792985874 0.44616
0 0.4581595 0.013935508816366293 0.050347 0.026909985971748658 0.458452
0 0.3032985 0.0365206524111057 0.0315972 0.03459853911349245 0.46992
0 0.2470485 0.12253628446176328 0.04270835 0.051897708718947874 0.470447
0 0.1859375 0.01946166575742815 0.0315972 0.034117973307355096 0.509622
0 0.4050345 0.019221382854359474 0.034375 0.0365206524111057 0.509702
0 0.218403 0.35992060009741844 0.03958335 0.06535265172917681 0.526433
0 0.1296875 0.1749147588894301 0.0420139 0.04709245046273746 0.565495
0 0.09479150000000001 0.3414201159279104 0.04166665 0.051417442766682905 0.568743
0 0.0699655 0.4687620584510472 0.03645835 0.04757296629322942 0.576814
0 0.43315950000000003 0.4565085299561617 0.0586805 0.06439162006819288 0.599156
0 0.1730905 0.20086361324890403 0.047569450000000006 0.06535265172917681 0.600773
0 0.24878449999999996 0.3913957613248904 0.055902999999999994 0.075444233804189 0.602572
0 0.10625 0.4572291787627862 0.04861109999999999 0.06775548075986361 0.622444
0 0.2074655 0.12493911349245007 0.04895835 0.051897708718947874 0.637229
0 0.117014 0.38274597661958115 0.04444445 0.05237847442766683 0.641192
0 0.184028 0.41998782756941067 0.0520835 0.07880759473940574 0.654111
0 0.255729 0.19461665757428154 0.0420139 0.05574183536288359 0.658234
0 0.3560765 0.465638580613736 0.0822915 0.06823574671212859 0.681493
0 0.1203125 0.24098855918168532 0.04895835 0.05237847442766683 0.718166
0 0.3831595 0.36544690696541643 0.0788195 0.10523721480759864 0.746016
0 0.8053819999999999 0.9805316580613735 0.040625 0.02354622523136873 0.252686
0 0.6197914999999999 0.6693852888455919 0.03680555 0.04805348212372138 0.262281
0 0.9522570000000001 0.6021105737944472 0.028125 0.04324817389186557 0.281572
0 0.5918405 0.6922106653677546 0.0392361 0.03988441315148563 0.314015
0 0.976736 0.6302218743302483 0.02916665 0.03604013658061374 0.334505
0 0.799653 0.8690474875791525 0.0375 0.04853404792985874 0.3408
0 0.9248264999999999 0.589616662445202 0.02743055 0.02883209926936191 0.353634
0 0.874479 0.8762554749147589 0.030208349999999995 0.034117973307355096 0.35638
0 0.7717014999999999 0.8712099337554797 0.0371528 0.04036492898197759 0.364909
0 0.575868 0.9428095411592791 0.0614585 0.06054749342425718 0.371599
0 0.9064235 0.585532152946907 0.028125 0.03219586000974184 0.399925
0 0.7560764999999999 0.8983602026302971 0.046180549999999994 0.04084549478811496 0.429845
0 0.833854 0.9740443195323916 0.03368055 0.024987822698490016 0.447908
0 0.896875 0.8426183672674136 0.03958335 0.03700121821724306 0.45233
0 0.921354 0.6186889946419873 0.029513899999999996 0.03700121821724306 0.460273
0 0.8522569999999999 0.8793789527520701 0.02881945 0.027871017632732586 0.46149
0 0.750347 0.6131626877739893 0.0555555 0.04805348212372138 0.476248
0 0.623264 0.9363227023867511 0.0409722 0.06295032245494397 0.483144
0 0.5706595 0.7080684374086703 0.054514 0.051417442766682905 0.490703
0 0.8977430000000001 0.6458392635168047 0.0440972 0.04997564539698003 0.506429
0 0.9157985000000001 0.9519400915733074 0.02743055 0.025948904335119337 0.510455
0 0.8947915 0.800330975158305 0.03958335 0.05814466439357039 0.573022
0 0.9293405 0.9384851485630784 0.02395835 0.02979318090599123 0.578199
0 0.959028 0.9356015538236727 0.026388900000000003 0.03267637584023381 0.590129
0 0.7760414999999999 0.9207053132001949 0.04861109999999999 0.05285874037993181 0.591219
0 0.579514 0.6431960516317584 0.059028 0.07063857574281539 0.601329
0 0.941146 0.9598687277155382 0.0267361 0.030273696736483197 0.603393
0 0.8053819999999999 0.6203706751095958 0.0496528 0.05766439844130541 0.608017
0 0.804514 0.6715477350219191 0.0326389 0.05045641110569898 0.609256
0 0.9805555 0.5886556307842182 0.03125 0.04132601061860691 0.621504
0 0.863021 0.8447808134437409 0.03854165 0.04324817389186557 0.651881
0 0.7265625 0.8524690667316123 0.046180549999999994 0.06535265172917681 0.655648
0 0.7206595 0.9303156298100341 0.051041500000000004 0.061508525085241114 0.671484
0 0.54427085 0.9034057437895763 0.068403 0.07400243643448612 0.682151
0 0.7876735000000001 0.5646288397467121 0.062847 0.07592449975645396 0.683037
0 0.817882 0.722965177788602 0.064236 0.07640526546517291 0.700411
0 0.753125 0.6710669693132002 0.0791665 0.09082124013638578 0.712929
0 0.580903 0.8339685825621042 0.0631945 0.08024939210910863 0.732861
