0 0.7043585 0.03988441315148563 0.0542765 0.04613136882610814 0.252139
0 0.550987 0.18332416074037994 0.03782895 0.04180652644909888 0.258974
0 0.8898024999999999 0.07904797759376524 0.0526315 0.0466118846566001 0.263392
0 0.8842515 0.4903860204578665 0.0365954 0.01874086702386751 0.272172
0 0.8959705 0.4738075996103263 0.0361842 0.03748173404773502 0.297008
0 0.7892680000000001 0.48413906478324403 0.064556 0.031234778373112518 0.306489
0 0.8819899999999999 0.3130684325377497 0.02713815 0.02450730686799805 0.32282
0 0.8466285000000001 0.3426215304432538 0.03207235 0.03459853911349245 0.334383
1 0.8453945 0.239306378957623 0.0361842 0.03940389732099367 0.36331
0 0.7053864999999999 0.33517316025328786 0.03824015 0.0466118846566001 0.382037
0 0.599712 0.27150218899171946 0.051398 0.03844281568436434 0.396466
0 0.920436 0.3666483214807599 0.0316612 0.027871017632732586 0.401237
0 0.5084293 0.13695225913297612 0.01685855 0.07400243643448612 0.40242
0 0.9253700000000001 0.3426215304432538 0.0341283 0.02979318090599123 0.409827
0 0.9043994999999999 0.04757296629322942 0.056332 0.027871017632732586 0.414135
0 0.7545229999999999 0.2974510433511934 0.04029605 0.04420920555284949 0.424512
0 0.8480674999999999 0.30538017924987826 0.04070725 0.03315694164637116 0.447149
0 0.755551 0.1119644364344861 0.056332 0.04228709225523623 0.4561
0 0.8172285 0.3481478373112518 0.03824015 0.031234778373112518 0.462651
0 0.713816 0.2878407267413541 0.053453999999999995 0.030754262542620557 0.476012
0 0.8595805000000001 0.3774600526059425 0.0341283 0.03604013658061374 0.481861
0 0.8273024999999999 0.3752981061860692 0.0419408 0.03940389732099367 0.501152
0 0.764597 0.44809912810521185 0.0472862 0.04757296629322942 0.511843
0 0.6161595 0.14488139503166098 0.04070725 0.0389233315148563 0.525482
0 0.728207 0.4745282484169508 0.0797695 0.049495129566488064 0.527883
0 0.8641035 0.46419678324403313 0.04070725 0.03940389732099367 0.543074
0 0.5707234999999999 0.15232976522162692 0.04523025 0.03748173404773502 0.546197
0 0.8871299999999999 0.3469464227959084 0.0333059 0.03844281568436434 0.553683
0 0.5178864999999999 0.051657325864588405 0.03577305 0.0466118846566001 0.558349
0 0.8854850000000001 0.15929736970287384 0.04317435 0.03988441315148563 0.560682
0 0.5814145 0.125419879201169 0.051809 0.03459853911349245 0.562679
0 0.7185445 0.19629833804188992 0.0596215 0.04757296629322942 0.580711
0 0.8830180000000001 0.2229683409644423 0.03495065 0.051897708718947874 0.590588
0 0.7066199999999999 0.11773112615684365 0.0522205 0.03940389732099367 0.614952
0 0.7502055000000001 0.34670603994154897 0.053043 0.06006672771553823 0.621537
0 0.7341695 0.15449221139795422 0.0472862 0.04180652644909888 0.624722
0 0.593133 0.3202764198733561 0.0653785 0.07256063906478323 0.628274
0 0.8001645000000001 0.4295981441792499 0.071546 0.07880759473940574 0.630324
0 0.9342105000000002 0.40292864101315146 0.04029605 0.049495129566488064 0.636893
0 0.595806 0.18812931904529956 0.058387999999999995 0.055261569410618605 0.64436
0 0.7808390000000001 0.18716828738431562 0.04769735 0.04757296629322942 0.649704
0 0.591283 0.4730869508037019 0.075658 0.05333950608865076 0.653123
0 0.5606495 0.25107964150024353 0.0637335 0.05333950608865076 0.659871
0 0.6858555 0.3849084227959084 0.0501645 0.04997564539698003 0.675624
0 0.859375 0.18428519240136387 0.0608555 0.04468977135898685 0.68333
0 0.714638 0.2429106225036532 0.0501645 0.05718363273258646 0.685029
0 0.5333059 0.320757185582075 0.0657895 0.08217145543107648 0.729446
0 0.135485 0.038683048611787625 0.0415296 0.03700121821724306 0.267929
0 0.3963815 0.12205601850949829 0.03453945 0.04036492898197759 0.271101
0 0.473684 0.0627099396005845 0.03289475 0.03796224987822698 0.307893
0 0.384046 0.14367998051631756 0.04769735 0.04324817389186557 0.341036
0 0.2820725 0.4843794476376035 0.0723685 0.030754262542620557 0.357847
0 0.1021795 0.3260431095957136 0.029194099999999997 0.03700121821724306 0.394208
0 0.055921000000000005 0.3322900652703361 0.0205592 0.019701948660496835 0.416602
0 0.256579 0.10619824646858257 0.02960525 0.03459853911349245 0.42082
0 0.43051 0.13623161032635167 0.051809 0.04565085299561617 0.443076
0 0.2537005 0.4668399951290794 0.05674350000000001 0.04180652644909888 0.448194
0 0.0283717 0.4896653716512421 0.04276315 0.020182464490988795 0.454346
0 0.014802650000000002 0.47164515343399904 0.02960525 0.03507905494398442 0.463852
0 0.11040299999999999 0.3541544101315149 0.03248355 0.04517028718947881 0.470463
0 0.0668175 0.4802949381393083 0.0415296 0.030273696736483197 0.473273
0 0.076069 0.3274844072089625 0.0287829 0.027390501802240626 0.478585
0 0.14412 0.15809595518753047 0.0259046 0.027871017632732586 0.481204
0 0.238487 0.08000900925474914 0.03207235 0.029312615099853872 0.482208
0 0.149671 0.19653872089624938 0.027960549999999997 0.03459853911349245 0.49633
0 0.21875 0.04036492898197759 0.04358555 0.03844281568436434 0.499065
0 0.4039885 0.1838044266926449 0.05386500000000001 0.06967754408183145 0.519594
0 0.4237255 0.3445435937652216 0.0448191 0.05670336678032148 0.521392
0 0.1490545 0.2318580087676571 0.029194099999999997 0.031234778373112518 0.536654
0 0.45559199999999994 0.18020068290306868 0.0625 0.05670336678032148 0.57339
0 0.1953125 0.17563540769605454 0.03453945 0.029312615099853872 0.578708
0 0.4825245 0.0490145637603507 0.03495065 0.04613136882610814 0.580604
0 0.2014805 0.4740479824646858 0.0748355 0.04757296629322942 0.588201
0 0.21176 0.288801758402338 0.060033 0.05958646176327326 0.592512
0 0.1303455 0.3128285494398442 0.0370066 0.03748173404773502 0.59631
0 0.351357 0.15353117973697028 0.0497533 0.03988441315148563 0.598073
0 0.373561 0.21431855625913296 0.0596215 0.05381977204091573 0.601113
0 0.0571545 0.35751827082318566 0.03207235 0.0365206524111057 0.616269
0 0.4317435 0.46924232440331226 0.0682565 0.06006672771553823 0.621274
0 0.381579 0.3440633278129567 0.0633225 0.05478080370189966 0.624563
0 0.4745065 0.12998465465172918 0.050987 0.07640526546517291 0.628548
0 0.318051 0.2741454008767657 0.061266499999999995 0.08121042377009255 0.628623
0 0.229235 0.36424549245007304 0.062089 0.07111934145153434 0.630901
0 0.1831825 0.21071481246955676 0.03248355 0.0389233315148563 0.63215
0 0.370477 0.46972309011203117 0.082237 0.06006672771553823 0.635251
0 0.424959 0.27126180613735995 0.078536 0.08217145543107648 0.653949
0 0.1529605 0.3443032109108622 0.04769735 0.05045641110569898 0.659943
0 0.264597 0.33060788504627375 0.0678455 0.07592449975645396 0.668626
0 0.22347849999999997 0.12878324013638576 0.0522205 0.07111934145153434 0.672589
0 0.2865955 0.08865879396005845 0.0748355 0.05333950608865076 0.672963
0 0.10958049999999998 0.46155407111544083 0.0662005 0.05814466439357039 0.681221
0 0.366982 0.29360691670725764 0.0637335 0.07976862640038968 0.707112
0 0.28639 0.15497247735021916 0.077714 0.08217145543107648 0.741713
0 0.417763 0.07039819288845592 0.0879935 0.06967754408183145 0.744412
0 0.6126645000000001 0.7037435450560156 0.04523025 0.04084549478811496 0.250165
0 0.8433390000000001 0.9617907910375061 0.0625 0.0466118846566001 0.263432
0 0.904811 0.5427643449585972 0.03248355 0.031234778373112518 0.279426
1 0.5553045 0.8570343419386265 0.03577305 0.034117973307355096 0.295423
0 0.7047695 0.5172960064296152 0.057566 0.03507905494398442 0.298012
0 0.8803455 0.6775543078421822 0.0337171 0.03267637584023381 0.310521
0 0.8846630000000001 0.7051853424257184 0.0259046 0.026429420165611298 0.311386
0 0.8194899999999999 0.5470891373599611 0.04769735 0.051417442766682905 0.323057
1 0.7232729999999999 0.7705379941548953 0.04029605 0.04372868972235752 0.328379
0 0.7360195 0.8764958577691183 0.04276315 0.03267637584023381 0.338613
0 0.8513569999999999 0.9480954651729177 0.0497533 0.0490145637603507 0.343295
0 0.8731494999999999 0.9615504081831466 0.0439967 0.04324817389186557 0.343886
0 0.7216285 0.7702976113005358 0.04029605 0.04805348212372138 0.348017
0 0.9058390000000001 0.9151790063321968 0.03042765 0.030273696736483197 0.348939
0 0.7327305 0.6768336590355578 0.0394737 0.03315694164637116 0.356332
0 0.5277549500000001 0.894275693132002 0.0316612 0.03459853911349245 0.358209
0 0.857936 0.71647783925962 0.0365954 0.02883209926936191 0.361449
0 0.9327715 0.9072503701899659 0.0316612 0.0365206524111057 0.370101
0 0.5546875 0.5264261570384803 0.0493421 0.04757296629322942 0.376023
0 0.8651315 0.5641480740379932 0.03782895 0.0365206524111057 0.379147
0 0.9375 0.9416086264003898 0.04523025 0.04084549478811496 0.38754
0 0.8597859999999999 0.6809181685338529 0.0287829 0.03459853911349245 0.414954
1 0.52672695 0.8945160759863614 0.03042765 0.04372868972235752 0.416441
0 0.792969 0.5281080374086702 0.05550999999999999 0.051897708718947874 0.427497
1 0.5296052499999999 0.9291147150511447 0.03782895 0.03219586000974184 0.43046
0 0.9397615 0.8399751553823672 0.029194099999999997 0.02979318090599123 0.431281
0 0.5571545 0.7318548455918169 0.0633225 0.04517028718947881 0.439347
0 0.9352385 0.8099417915245982 0.02754935 0.031234778373112518 0.448466
0 0.8527959999999999 0.8161887471992207 0.03453945 0.03988441315148563 0.510581
0 0.7783715 0.5759213365806137 0.0493421 0.04372868972235752 0.528974
0 0.6692024999999999 0.891872864101315 0.06044399999999999 0.05958646176327326 0.551176
0 0.7347859999999999 0.8257995635655139 0.055921000000000005 0.06775548075986361 0.551748
0 0.7574015000000001 0.5439656595226497 0.0493421 0.05381977204091573 0.55557
0 0.697163 0.699418652703361 0.04564145 0.04372868972235752 0.55924
0 0.827097 0.8594371709693133 0.04070725 0.028351583438869947 0.563048
0 0.7497945 0.7133543614223088 0.053043 0.06006672771553823 0.572524
0 0.857936 0.526666439941549 0.04317435 0.04613136882610814 0.573906
0 0.695518 0.8479042912810522 0.0678455 0.06295032245494397 0.601985
1 0.9292765000000001 0.6592942065270335 0.051809 0.05285874037993181 0.609079
0 0.6842104999999999 0.7467515859717486 0.06167750000000001 0.05381977204091573 0.653502
0 0.589227 0.5533363429128105 0.073191 0.06967754408183145 0.666099
0 0.7290295 0.9137372089624939 0.0657895 0.05622260107160253 0.671779
0 0.570107 0.6777946906965416 0.062089 0.075444233804189 0.678119
0 0.613487 0.7460304374086703 0.0608555 0.06006672771553823 0.680504
0 0.0472862 0.6583331748660497 0.02713815 0.03555957077447638 0.252568
0 0.2648025 0.9762067657087189 0.04769735 0.02450730686799805 0.26127
0 0.0914885 0.6400725737944472 0.0439967 0.04324817389186557 0.264728
0 0.3616365 0.7260886556259133 0.0365954 0.04036492898197759 0.276006
0 0.3556745 0.9223869936678032 0.04358555 0.04180652644909888 0.298793
0 0.03536185 0.7969676142230881 0.03042765 0.03507905494398442 0.301455
0 0.322985 0.7429069595713591 0.04235195 0.04613136882610814 0.330298
0 0.233758 0.8625606488066244 0.03741775 0.03748173404773502 0.350019
0 0.271587 0.8688076044812469 0.03741775 0.03363745747686313 0.352121
0 0.2841285 0.5163349247929858 0.071546 0.03315694164637116 0.358706
0 0.4074835 0.975245734047735 0.046875 0.02354622523136873 0.376319
0 0.145148 0.9331992245494398 0.046875 0.05574183536288359 0.397495
0 0.3612255 0.5631870423770092 0.0464638 0.05766439844130541 0.399703
0 0.103207 0.8157084812469556 0.02960525 0.034117973307355096 0.428575
0 0.2483555 0.5333939114466634 0.058387999999999995 0.062469556746225036 0.437897
0 0.3772615 0.9303156298100341 0.067023 0.04805348212372138 0.439242
0 0.127467 0.5242637608377984 0.04851975 0.04420920555284949 0.469334
0 0.339227 0.5240234779347297 0.0444079 0.0427676080857282 0.471606
0 0.061472 0.8183511933755478 0.0472862 0.03267637584023381 0.476193
0 0.198191 0.8827428134437408 0.04276315 0.04228709225523623 0.498051
0 0.03988485 0.7662131018022406 0.03125 0.029312615099853872 0.500396
0 0.1373355 0.6967759405747687 0.04851975 0.04997564539698003 0.508287
0 0.1040295 0.7871164150024353 0.03125 0.02883209926936191 0.511347
0 0.106291 0.7152764247442767 0.04070725 0.04180652644909888 0.518489
0 0.265008 0.8334878168533852 0.04317435 0.04084549478811496 0.518838
0 0.458265 0.7097501178762786 0.0439967 0.04709245046273746 0.535429
0 0.219778 0.8351699970774477 0.03988485 0.04420920555284949 0.537319
0 0.1334295 0.8555925445689234 0.04810855 0.04468977135898685 0.540868
0 0.3353205 0.703983927910375 0.0489309 0.0490145637603507 0.54451
0 0.4200245 0.7414656619581101 0.05386500000000001 0.04997564539698003 0.551867
0 0.02960525 0.5206597171943498 0.0501645 0.04180652644909888 0.559444
0 0.256579 0.8901911836337068 0.0411184 0.03988441315148563 0.570369
0 0.420847 0.905327807111544 0.05550999999999999 0.05381977204091573 0.585096
0 0.218133 0.6900482191914272 0.061266499999999995 0.06631368339016075 0.585685
0 0.136513 0.8154680983925963 0.03453945 0.03363745747686313 0.591897
0 0.245477 0.7383421841207988 0.069079 0.06198879103750608 0.60561
0 0.4389390000000001 0.5257053583049196 0.073602 0.04997564539698003 0.607211
0 0.1827715 0.6628979503166098 0.0522205 0.06775548075986361 0.607411
0 0.069079 0.6871651242084754 0.050987 0.05574183536288359 0.625759
0 0.391242 0.8649629780808573 0.06949 0.06631368339016075 0.640077
0 0.109375 0.6693852888455919 0.04276315 0.04517028718947881 0.645186
0 0.339227 0.8601578197759376 0.0501645 0.05285874037993181 0.666367
0 0.0865545 0.5396408671212859 0.05550999999999999 0.0730414047735022 0.669727
0 0.3963815 0.5595832985874329 0.057566 0.08121042377009255 0.671028
0 0.1848275 0.7489140321480761 0.053043 0.06295032245494397 0.681468
0 0.3665705 0.7683755479785679 0.062089 0.06343058840720897 0.702827
0 0.389597 0.6919702825133951 0.062089 0.07592449975645396 0.73061
