0 0.2472655 0.091682 0.02734375 0.0390625 0.251281
0 0.24544249999999998 0.110524 0.0393229 0.0546875 0.251622
0 0.235547 0.4590995 0.03203125 0.0422794 0.25437
1 0.2365885 0.459329 0.0361979 0.0454963 0.262097
0 0.21549500000000002 0.47954949999999996 0.0424479 0.04090075 0.266453
1 0.2140625 0.47863049999999996 0.04375 0.04273895 0.269559
0 0.3916665 0.054228 0.03385415 0.0588235 0.271477
1 0.4170575 0.2826285 0.0419271 0.03952205 0.275839
0 0.2759115 0.2534465 0.0486979 0.058364 0.27869
0 0.4559895 0.117877 0.04791665 0.057445 0.291791
0 0.268099 0.150046 0.0356771 0.0482537 0.297514
0 0.365755 0.192555 0.0403646 0.059742500000000004 0.298089
0 0.3227865 0.1263785 0.0481771 0.056066 0.300034
1 0.350651 0.3111215 0.03671875 0.0579045 0.313296
1 0.452995 0.252987 0.0455729 0.0556065 0.313558
0 0.2864585 0.194623 0.04739585 0.057445 0.320809
1 0.314323 0.240579 0.0359375 0.0491728 0.321645
1 0.4072915 0.220588 0.03802085 0.053309 0.336936
0 0.377604 0.1484375 0.03541665 0.0579045 0.349674
0 0.396875 0.01838235 0.0453125 0.0367647 0.349966
0 0.204427 0.4234835 0.03125 0.04641545 0.353207
0 0.3234375 0.2826285 0.03645835 0.03400735 0.363323
1 0.3940105 0.0579045 0.04270835 0.054228 0.376992
0 0.4808595 0.144991 0.02265625 0.0546875 0.390656
1 0.4171875 0.3513325 0.04166665 0.057445 0.405383
0 0.3552085 0.265625 0.03385415 0.04319855 0.416509
0 0.2585935 0.111213 0.0328125 0.0422794 0.417628
1 0.2829425 0.470818 0.03671875 0.0546875 0.422449
1 0.40638 0.372932 0.051302 0.04733455 0.42877
0 0.23059900000000003 0.1027115 0.02890625 0.0546875 0.431586
1 0.394271 0.4712775 0.0421875 0.0528495 0.454161
1 0.4289065 0.137638 0.03489585 0.06204049999999999 0.454384
1 0.306771 0.4315255 0.04427085 0.04503675 0.463024
0 0.2007815 0.386489 0.03333335 0.04871325 0.468486
0 0.2359375 0.0682445 0.026041649999999996 0.0344669 0.486232
0 0.2476565 0.289752 0.03645835 0.04641545 0.507886
0 0.266146 0.2242645 0.02760415 0.0422794 0.516181
1 0.4045575 0.2483915 0.03203125 0.06204049999999999 0.516633
1 0.345573 0.223116 0.04895835 0.0335478 0.518097
0 0.3066405 0.06020199999999999 0.0466146 0.0422794 0.521326
1 0.33125 0.446691 0.03489585 0.0523895 0.52421
1 0.276823 0.43727 0.0541665 0.06204049999999999 0.527538
1 0.3871095 0.405331 0.02890625 0.055147 0.5298
1 0.433073 0.3965995 0.0421875 0.0514705 0.583155
1 0.347396 0.3784465 0.04791665 0.06204049999999999 0.597982
1 0.48125 0.0471048 0.03541665 0.080423 0.608204
1 0.4302085 0.459329 0.04010415 0.0528495 0.659187
0 0.2347655 0.7465535 0.0341146 0.03538605 0.258521
1 0.4714845 0.6923255 0.0309896 0.0565255 0.288552
1 0.302995 0.6029410000000001 0.0263021 0.0376838 0.291802
0 0.2795575 0.8380055 0.0455729 0.0546875 0.301429
0 0.459505 0.7219669999999999 0.03046875 0.053309 0.308185
1 0.397526 0.5209099500000001 0.058594 0.04181985 0.31065
0 0.2402345 0.54848345 0.03359375 0.04273895 0.31255
0 0.2072915 0.51838235 0.0541665 0.03492645 0.328752
0 0.484505 0.7454044999999999 0.0263021 0.059742500000000004 0.334803
0 0.3354165 0.9191174999999999 0.04114585 0.0661765 0.338037
0 0.38255199999999995 0.580423 0.03958335 0.0569855 0.345428
0 0.2165365 0.644531 0.02734375 0.04181985 0.346854
1 0.4197915 0.799173 0.04322915 0.056066 0.363677
0 0.2940105 0.701057 0.03697915 0.06020199999999999 0.367573
0 0.203646 0.7541359999999999 0.028645850000000004 0.0422794 0.367891
0 0.221354 0.54526655 0.03541665 0.0528495 0.372574
1 0.4346355 0.7713695 0.03854165 0.05193 0.377703
0 0.480729 0.920956 0.02916665 0.09375 0.385708
1 0.2597655 0.7274815 0.02578125 0.03860295 0.390554
1 0.356771 0.54181985 0.0390625 0.0569855 0.399781
1 0.42487 0.5863970000000001 0.0361979 0.04871325 0.399952
1 0.3096355 0.577895 0.04583335 0.0445772 0.425287
0 0.4664065 0.6443015000000001 0.02395835 0.046875 0.438915
0 0.3328125 0.9694395 0.0546875 0.04090075 0.452701
0 0.1898435 0.6142005 0.02916665 0.0390625 0.472948
0 0.2790365 0.6351105 0.03515625 0.0477941 0.473544
0 0.1897135 0.6511950000000001 0.029947899999999996 0.0413603 0.479781
1 0.3772135 0.675781 0.0481771 0.0693935 0.496222
0 0.4071615 0.841452 0.0393229 0.0477941 0.50923
0 0.473698 0.6943935 0.02552085 0.0661765 0.515933
1 0.4114585 0.6468289999999999 0.03541665 0.05193 0.520461
0 0.3666665 0.923024 0.04583335 0.073989 0.535276
0 0.220573 0.7766545 0.03177085 0.056066 0.539572
1 0.4203125 0.908548 0.04270835 0.04503675 0.542277
0 0.269271 0.6778495 0.03854165 0.0523895 0.554652
1 0.3423175 0.8083640000000001 0.0591145 0.04503675 0.555524
0 0.3703125 0.8651195 0.04114585 0.0556065 0.595894
0 0.2882815 0.816406 0.03958335 0.059282999999999995 0.599434
0 0.2315105 0.607307 0.03333335 0.04733455 0.625085
0 0.420052 0.8023895 0.0390625 0.060662 0.634454
1 0.3203125 0.6277575000000001 0.0484375 0.04319855 0.65996
0 0.6860675 0.1307445 0.0341146 0.0454963 0.251447
0 0.6566405 0.03653495 0.0361979 0.07307 0.252326
0 0.8966145 0.408548 0.0234375 0.0367647 0.254474
1 0.6483074999999999 0.417509 0.0419271 0.04733455 0.256251
1 0.52552085 0.0880055 0.04166665 0.0528495 0.270243
1 0.7201825 0.379136 0.0377604 0.060662 0.275691
1 0.8027345 0.358456 0.03046875 0.0753675 0.276421
1 0.7542969999999999 0.345818 0.0450521 0.067555 0.277811
0 0.9170575 0.4306065 0.0278646 0.03308825 0.285996
1 0.7725259999999999 0.2849265 0.02421875 0.0422794 0.288704
1 0.9203125 0.4703585 0.03333335 0.0445772 0.2946
1 0.7332029999999999 0.0997245 0.0377604 0.0459559 0.307511
0 0.66875 0.35432 0.04583335 0.060662 0.308338
1 0.6455730000000001 0.167739 0.034375 0.0652575 0.308451
1 0.6571615000000001 0.4485295 0.0315104 0.0422794 0.311134
0 0.9279949999999999 0.1953125 0.0231771 0.03125 0.311532
0 0.9339844999999999 0.251838 0.02734375 0.0661765 0.319216
1 0.7408855 0.2256435 0.0375 0.04963235 0.323113
1 0.6824220000000001 0.3910845 0.0440104 0.055147 0.327233
0 0.54947915 0.3600645 0.03854165 0.0629595 0.338996
0 0.8980469999999999 0.384421 0.0268229 0.0298713 0.349095
1 0.8785155000000001 0.436351 0.04609375 0.0556065 0.349445
1 0.7503905000000001 0.286305 0.03515625 0.04503675 0.350677
0 0.939453 0.4747245 0.02734375 0.0358456 0.352637
1 0.52578125 0.2247245 0.03541665 0.0523895 0.356596
0 0.8583335000000001 0.250919 0.02916665 0.053309 0.365703
1 0.8619789999999999 0.1528035 0.03020835 0.0454963 0.36967
1 0.8164060000000001 0.401884 0.04635415 0.04733455 0.369934
0 0.596224 0.098805 0.0403646 0.060662 0.374014
1 0.6589845000000001 0.324219 0.0455729 0.0565255 0.375299
0 0.6576825 0.323989 0.051823 0.0514705 0.37685
0 0.8433594999999999 0.1557905 0.0231771 0.03860295 0.377588
0 0.51627605 0.130055 0.03203125 0.063419 0.387926
1 0.5175781 0.264706 0.03515625 0.0569855 0.393197
0 0.9217449999999999 0.215763 0.0309896 0.065717 0.393535
0 0.8324219999999999 0.3494945 0.0356771 0.05193 0.39424
1 0.5647135 0.23988950000000003 0.0466146 0.070772 0.396461
0 0.823047 0.067785 0.02890625 0.058364 0.396943
1 0.6283855 0.2371325 0.0421875 0.0514705 0.402663
1 0.666406 0.3430605 0.04791665 0.0703125 0.422027
1 0.625651 0.071002 0.03203125 0.05193 0.432899
1 0.889453 0.473805 0.0450521 0.0422794 0.443303
0 0.869922 0.272059 0.03984375 0.0477941 0.450502
0 0.6490885 0.1704965 0.0356771 0.0744485 0.459939
1 0.7895835000000001 0.2431065 0.046875 0.04411765 0.471921
0 0.52239585 0.394991 0.03229165 0.0712315 0.474131
1 0.7423175000000001 0.4211855 0.0419271 0.06020199999999999 0.488323
0 0.936198 0.444623 0.025 0.0344669 0.489295
1 0.7752605 0.374081 0.0421875 0.0588235 0.498227
0 0.8904949999999999 0.219669 0.03515625 0.04411765 0.50055
1 0.5776039999999999 0.200827 0.04583335 0.0625 0.51361
0 0.908073 0.2421875 0.02916665 0.0514705 0.52706
1 0.8307289999999999 0.2996325 0.04895835 0.0625 0.542125
1 0.751302 0.0268842 0.0375 0.0528495 0.543047
1 0.6653645 0.225184 0.04479165 0.054228 0.543703
0 0.6765625 0.175781 0.03125 0.06204049999999999 0.545778
1 0.8194009999999999 0.4411765 0.0388021 0.053309 0.551005
1 0.7983075 0.1307445 0.0361979 0.06204049999999999 0.55651
0 0.8240885 0.199219 0.029947899999999996 0.04181985 0.563932
1 0.73125 0.077206 0.04114585 0.04871325 0.578115
0 0.5415364500000001 0.03745405 0.0388021 0.074908 0.610779
0 0.595052 0.1465995 0.040625 0.0579045 0.621634
0 0.52864585 0.1714155 0.04270835 0.0569855 0.70234
1 0.8846355 0.6603859999999999 0.02239585 0.03400735 0.251132
1 0.5175781 0.9361214999999999 0.03515625 0.078125 0.258775
0 0.6697915 0.746094 0.0359375 0.04733455 0.260683
1 0.813672 0.762638 0.0466146 0.0482537 0.267103
1 0.8057289999999999 0.7159924999999999 0.04479165 0.053309 0.267925
1 0.6604165 0.6461395 0.03958335 0.04319855 0.27816
0 0.5160156 0.7081799999999999 0.0294271 0.0569855 0.278418
1 0.8139325 0.8297335000000001 0.0330729 0.0445772 0.281799
0 0.80625 0.7146140000000001 0.0453125 0.054228 0.284408
1 0.798177 0.7807904999999999 0.04010415 0.03860295 0.284617
0 0.5097656 0.8382355 0.0184896 0.02849265 0.293613
0 0.6584635 0.780331 0.02734375 0.03400735 0.30181
0 0.50989585 0.655101 0.01927085 0.0795035 0.310061
0 0.8070309999999999 0.673024 0.04583335 0.057445 0.317492
1 0.6317710000000001 0.861213 0.0359375 0.0459559 0.326034
0 0.8819009999999999 0.5144761 0.03828125 0.0289522 0.330321
1 0.7529950000000001 0.674173 0.02421875 0.0422794 0.331891
1 0.6199220000000001 0.9244025000000001 0.03359375 0.0528495 0.331912
0 0.842578 0.9469210000000001 0.0294271 0.0454963 0.334662
1 0.677474 0.925781 0.0372396 0.0565255 0.339425
0 0.8837240000000001 0.7454044999999999 0.03203125 0.0321691 0.341762
0 0.880599 0.658088 0.0263021 0.03308825 0.342461
0 0.7763019999999999 0.8478859999999999 0.03229165 0.0459559 0.346162
1 0.6516925 0.856158 0.02890625 0.0625 0.347536
0 0.8149739999999999 0.832491 0.0330729 0.04641545 0.349562
1 0.5411458499999999 0.808134 0.02447915 0.050092 0.352174
0 0.7428385 0.7180605 0.02578125 0.04090075 0.369955
1 0.731901 0.6024815 0.04140625 0.0477941 0.370384
0 0.7973960000000001 0.9388785000000001 0.0328125 0.055147 0.371539
0 0.7028645 0.965763 0.052604 0.06112150000000001 0.401956
1 0.5358073 0.8993565 0.03984375 0.078125 0.41727
0 0.8690105 0.908318 0.03385415 0.0528495 0.426175
1 0.70612 0.651884 0.0419271 0.066636 0.431533
1 0.6785154999999999 0.8375460000000001 0.03828125 0.058364 0.461696
0 0.8734375 0.8497245 0.0328125 0.04503675 0.471522
1 0.7572914999999999 0.6769299999999999 0.046875 0.04871325 0.477589
0 0.8953125 0.829274 0.03697915 0.0445772 0.479142
1 0.6954425000000001 0.9028035 0.0393229 0.057445 0.489769
0 0.7766925 0.928998 0.03046875 0.050092 0.524976
1 0.646354 0.6810660000000001 0.04895835 0.064338 0.535007
1 0.7322915 0.7902115 0.0296875 0.0528495 0.544
0 0.840755 0.7127755 0.02734375 0.0376838 0.544942
0 0.7725259999999999 0.7244945 0.03203125 0.059282999999999995 0.545589
0 0.831901 0.6236214999999999 0.0263021 0.0505515 0.554576
1 0.5402343999999999 0.6760109999999999 0.0455729 0.086397 0.554914
0 0.84375 0.751838 0.02447915 0.046875 0.556805
1 0.6158855 0.9818475000000001 0.046875 0.03630515 0.567381
1 0.6485675000000001 0.6027115 0.0554685 0.0776655 0.571955
0 0.8055990000000001 0.622013 0.03359375 0.05193 0.583953
0 0.7074219999999999 0.655101 0.0471354 0.0693935 0.589131
0 0.891276 0.7941174999999999 0.0388021 0.053309 0.621816
0 0.8322915 0.8795955 0.0375 0.0569855 0.626296
