1 0.4798434999999999 0.754920604968339 0.0378125 0.05958646176327326 0.252066
0 0.434531 0.8539108641013152 0.0540625 0.05670336678032148 0.252096
0 0.1717185 0.7823112566975159 0.0278125 0.04420920555284949 0.254483
0 0.261719 0.8512676522162689 0.0353125 0.030273696736483197 0.268857
0 0.2335935 0.9219067277155383 0.05281249999999999 0.06198879103750608 0.27029
1 0.43500000000000005 0.8517484179249878 0.051875 0.04853404792985874 0.277089
1 0.41843749999999996 0.8736127627861666 0.05 0.06631368339016075 0.291992
0 0.1389065 0.5824086751095957 0.0578125 0.07208037311251828 0.29371
0 0.24968750000000003 0.7592454973209937 0.044375000000000005 0.061508525085241114 0.294808
0 0.153125 0.9103738480272773 0.041875 0.04468977135898685 0.334808
1 0.2526565 0.7609271777886021 0.0478125 0.06775548075986361 0.33907
0 0.339844 0.8020131553823672 0.0296875 0.03844281568436434 0.349815
0 0.4598439999999999 0.6672228426692646 0.0434375 0.05237847442766683 0.354386
0 0.3223435 0.6487223584997565 0.0459375 0.04036492898197759 0.362706
0 0.4195315 0.8849052596200682 0.0509375 0.05718363273258646 0.372472
0 0.2157815 0.9641936200681929 0.0784375 0.051417442766682905 0.380957
1 0.2729685 0.8897104179249878 0.0384375 0.04180652644909888 0.42983
0 0.20703100000000002 0.8399751553823672 0.04656250000000001 0.05766439844130541 0.431426
1 0.20281250000000003 0.5804861120311738 0.05 0.04036492898197759 0.451267
1 0.4364064999999999 0.9231076424744277 0.0434375 0.04036492898197759 0.451295
0 0.1264065 0.9685185124208474 0.0384375 0.03507905494398442 0.452346
0 0.3453125 0.6182082289332683 0.04 0.06391135411592791 0.474403
1 0.4753125 0.6270983964929372 0.044375000000000005 0.06535265172917681 0.48112
0 0.490625 0.9380043828543595 0.01875 0.04997564539698003 0.48952
0 0.1946875 0.6182082289332683 0.038125 0.04372868972235752 0.501695
0 0.12390600000000002 0.8736127627861666 0.0384375 0.030754262542620557 0.502717
0 0.19921899999999998 0.7837525543107647 0.0421875 0.06631368339016075 0.515686
0 0.4734375 0.6263772479298588 0.04375 0.05910569605455431 0.531963
0 0.165781 0.8923536298100341 0.0403125 0.04613136882610814 0.550723
0 0.1096875 0.9086916678032149 0.029375 0.03459853911349245 0.55278
1 0.244531 0.5944218207501217 0.04656250000000001 0.0691972781295665 0.552967
1 0.4734375 0.8197929907452509 0.04875000000000001 0.06343058840720897 0.561359
0 0.1565625 0.5833697067705796 0.044375000000000005 0.06439162006819288 0.595612
0 0.0928125 0.880820750121773 0.021875 0.0365206524111057 0.656278
1 0.605781 0.37169386264003895 0.0359375 0.06487238577691183 0.251289
1 0.5898439999999999 0.028111300535801267 0.0446875 0.05622260107160253 0.2519
1 0.8479689999999999 0.1588166039941549 0.0384375 0.03988441315148563 0.253373
0 0.573125 0.10884095859717487 0.04499999999999999 0.07736629712615685 0.255059
1 0.651719 0.06871651242084754 0.05656250000000001 0.05093667705796395 0.2578
0 0.53453125 0.07904797759376524 0.0690625 0.04853404792985874 0.259766
1 0.7295309999999999 0.11652971164150024 0.0484375 0.049495129566488064 0.266005
1 0.7382810000000001 0.05862543010228933 0.041562499999999995 0.03748173404773502 0.270831
0 0.60375 0.37193424549439846 0.0375 0.06439162006819288 0.271817
1 0.828906 0.16410252800779349 0.0365625 0.05237847442766683 0.27838
1 0.7603125 0.42575401753531417 0.03625 0.04420920555284949 0.278498
1 0.9810940000000001 0.34166049878226984 0.0290625 0.08361325280077936 0.281446
1 0.9825 0.4000455460301997 0.035 0.06391135411592791 0.282455
1 0.7892190000000001 0.24603410034096446 0.0496875 0.06439162006819288 0.287624
0 0.8832815 0.2530017048222114 0.0278125 0.03700121821724306 0.294853
0 0.7796875 0.24531295177788603 0.030000000000000002 0.051417442766682905 0.307516
1 0.7495315 0.3099449547004383 0.0234375 0.031715294203604485 0.310459
1 0.8692185000000001 0.4548263497320994 0.0396875 0.05237847442766683 0.31369
1 0.8490625 0.4286371125182659 0.036875 0.051897708718947874 0.315248
1 0.8640625 0.1393550881636629 0.04 0.06054749342425718 0.316371
0 0.9529684999999999 0.10619824646858257 0.0390625 0.03748173404773502 0.317025
0 0.9664065 0.17058986653677544 0.0315625 0.05670336678032148 0.329384
1 0.7384375 0.09899025913297613 0.03625 0.04228709225523623 0.329901
1 0.8820315 0.2532420876765709 0.0290625 0.03363745747686313 0.333639
1 0.9207815 0.2748660496833902 0.0384375 0.04805348212372138 0.340575
1 0.6378125 0.26261252118850464 0.039375 0.05237847442766683 0.345057
1 0.774531 0.3094646887481734 0.0228125 0.03748173404773502 0.35152
1 0.6639059999999999 0.30441914758889427 0.05656250000000001 0.051417442766682905 0.353956
0 0.796094 0.24627398343886994 0.0365625 0.06006672771553823 0.362913
1 0.6153125 0.06487238577691183 0.03375 0.05574183536288359 0.364491
1 0.64375 0.1146076483195324 0.040625 0.051417442766682905 0.383535
1 0.8448435 0.47212591914271795 0.0453125 0.055261569410618605 0.387791
1 0.5221875 0.03243609293716512 0.044375000000000005 0.05814466439357039 0.39452
1 0.523125 0.24411203701899659 0.036875 0.062469556746225036 0.397554
0 0.617969 0.06463200292255236 0.0396875 0.06198879103750608 0.405995
1 0.7840625000000001 0.08961982562104237 0.04375 0.04468977135898685 0.426184
1 0.53109375 0.12950438869946418 0.0553125 0.08121042377009255 0.426443
1 0.5253125 0.19918193278129567 0.03625 0.06487238577691183 0.428297
1 0.978906 0.24723551485630782 0.0384375 0.054300537749634684 0.428492
1 0.53375 0.08121042377009255 0.05437500000000001 0.05574183536288359 0.428914
1 0.9139059999999999 0.4195070618606917 0.0359375 0.04228709225523623 0.428941
1 0.6246875 0.4062925017048222 0.04 0.06583341743789575 0.45242
1 0.6935939999999999 0.13983585387238187 0.0428125 0.04036492898197759 0.452448
1 0.5814065 0.04420920555284949 0.041562499999999995 0.0730414047735022 0.480103
1 0.6643749999999999 0.23570263516804676 0.04625 0.05237847442766683 0.491087
1 0.7025 0.31763370774476374 0.045625 0.05766439844130541 0.497294
1 0.9096875 0.051417442766682905 0.0575 0.0855353161227472 0.509983
1 0.7450000000000001 0.47164515343399904 0.04125 0.04757296629322942 0.513517
1 0.731875 0.4000455460301997 0.043125 0.04853404792985874 0.515308
1 0.9517185 0.4653981977593765 0.0584375 0.06295032245494397 0.515964
1 0.7915625 0.034117973307355096 0.0675 0.04997564539698003 0.522057
1 0.870625 0.2909642045786654 0.044375000000000005 0.04853404792985874 0.528857
1 0.7478125 0.021143546127618117 0.04499999999999999 0.04228709225523623 0.531974
1 0.5196875 0.32916658743302485 0.039375 0.06535265172917681 0.541144
1 0.52140625 0.39908451436921577 0.0428125 0.07928836044812469 0.543475
1 0.6871875000000001 0.38875304919629816 0.05625 0.061508525085241114 0.553611
1 0.8831249999999999 0.3947596220165611 0.05125 0.05333950608865076 0.555567
1 0.869375 0.08361325280077936 0.05375 0.06439162006819288 0.57229
1 0.570156 0.48077520409157326 0.0428125 0.03796224987822698 0.579119
1 0.6826559999999999 0.4514624890404286 0.08218749999999998 0.06967754408183145 0.587436
0 0.53078125 0.12878324013638576 0.057187499999999995 0.0768855314174379 0.589062
1 0.6962499999999999 0.17899926838772529 0.048125 0.04757296629322942 0.597283
1 0.6520309999999999 0.351271315148563 0.0665625 0.05670336678032148 0.599342
1 0.9295309999999999 0.38058353044325377 0.06218750000000001 0.06631368339016075 0.600351
1 0.575781 0.22392937262542623 0.0553125 0.05381977204091573 0.606172
1 0.679219 0.10523721480759864 0.04093750000000001 0.04036492898197759 0.649857
1 0.8362499999999999 0.3169130589381393 0.030000000000000002 0.03796224987822698 0.675736
1 0.9401565 0.30417876473453487 0.0665625 0.08649634778373114 0.70124
1 0.2040625 0.4113380428641013 0.04625 0.05478080370189966 0.251628
1 0.1846875 0.2791909420360448 0.044375000000000005 0.04324817389186557 0.257582
1 0.35687500000000005 0.09346395226497808 0.03875 0.04853404792985874 0.257639
0 0.120625 0.014896590452995614 0.051875 0.02979318090599123 0.259261
1 0.326406 0.17515514174378957 0.0390625 0.05237847442766683 0.267406
0 0.1275 0.144400629322942 0.07 0.11004237311251826 0.272383
1 0.3820315 0.04709245046273746 0.04093750000000001 0.04036492898197759 0.278301
1 0.166094 0.12854335703848027 0.0340625 0.04372868972235752 0.279914
1 0.3196875 0.04300789098879688 0.046875 0.06487238577691183 0.292841
1 0.1101565 0.21840306575742816 0.0596875 0.07063857574281539 0.292868
1 0.461875 0.07592449975645396 0.030625 0.03940389732099367 0.294048
1 0.48953100000000005 0.03435825621042377 0.0178125 0.06871651242084754 0.303966
1 0.48953100000000005 0.12301705017048223 0.0209375 0.05862543010228933 0.305216
1 0.47312499999999996 0.3140294641987335 0.049374999999999995 0.06391135411592791 0.313099
1 0.3371875 0.1122048192888456 0.034375 0.04853404792985874 0.319312
1 0.113281 0.0365206524111057 0.0509375 0.04709245046273746 0.32093
0 0.329375 0.18212274622503652 0.04125 0.05670336678032148 0.340114
0 0.072969 0.02354622523136873 0.05281249999999999 0.04709245046273746 0.345573
1 0.165156 0.25252093911349244 0.0534375 0.06391135411592791 0.37307
1 0.2220315 0.13358889819775938 0.0309375 0.03748173404773502 0.374907
1 0.267656 0.25852801169020945 0.04656250000000001 0.05285874037993181 0.391527
1 0.3409375 0.4238319542133463 0.065 0.0730414047735022 0.39533
1 0.1910935 0.12277666731612275 0.0296875 0.055261569410618605 0.407139
1 0.146719 0.24843642961519727 0.0434375 0.04613136882610814 0.419135
1 0.1842185 0.017058986653677548 0.06218750000000001 0.034117973307355096 0.423026
1 0.402344 0.22513078714076962 0.0434375 0.06679444909887969 0.432833
1 0.2492185 0.24531295177788603 0.0459375 0.04372868972235752 0.448015
1 0.2489065 0.43512445104724795 0.041562499999999995 0.06295032245494397 0.449855
1 0.4121875 0.4286371125182659 0.0675 0.0893794427666829 0.466546
0 0.1153125 0.22080589478811496 0.06062499999999999 0.06967754408183145 0.469384
1 0.3675 0.15136873356064298 0.039375 0.04517028718947881 0.469919
1 0.0759375 0.0980292274719922 0.04125 0.06823574671212859 0.482055
1 0.1478125 0.08409351875304433 0.039375 0.05766439844130541 0.485523
1 0.4470315 0.12854335703848027 0.0290625 0.03507905494398442 0.490322
0 0.44468750000000007 0.3683300019483682 0.06375 0.07736629712615685 0.51067
1 0.3575 0.2604500750121773 0.059375 0.04709245046273746 0.514336
1 0.2320315 0.08241183828543595 0.0453125 0.06102775937652216 0.534539
1 0.2853125 0.09394471797369702 0.029375 0.04084549478811496 0.535454
0 0.207969 0.4127798402338042 0.0515625 0.06631368339016075 0.543284
1 0.44125 0.36929103360935217 0.066875 0.07640526546517291 0.546053
0 0.1171875 0.034838772040915726 0.053125 0.04468977135898685 0.559627
1 0.44265600000000005 0.02859181636629323 0.0509375 0.04565085299561617 0.578752
1 0.40625 0.30754262542620553 0.088125 0.06823574671212859 0.59951
1 0.1195315 0.14752410716025327 0.0784375 0.1018733541159279 0.600407
1 0.255156 0.12638091086215295 0.0509375 0.062469556746225036 0.605388
1 0.1692185 0.4459366819288846 0.0421875 0.05670336678032148 0.615677
1 0.4785935 0.20302605942523136 0.0428125 0.06871651242084754 0.639366
1 0.4671875 0.434163419386264 0.065 0.11004237311251826 0.727886
0 0.53375 0.8692878704335119 0.0325 0.03940389732099367 0.263724
0 0.928594 0.9286339493424257 0.0646875 0.08121042377009255 0.26449
1 0.7135940000000001 0.948816613735996 0.0434375 0.03700121821724306 0.266135
0 0.656875 0.6998994184120798 0.04 0.04853404792985874 0.269355
1 0.8956249999999999 0.8608784685825621 0.029375 0.04565085299561617 0.275776
1 0.837344 0.7710182601071602 0.04093750000000001 0.049495129566488064 0.27958
1 0.7073440000000001 0.8257995635655139 0.0353125 0.04372868972235752 0.281723
0 0.55125 0.8279620097418411 0.03875 0.05381977204091573 0.285378
1 0.8654685 0.9288743321967852 0.0503125 0.0490145637603507 0.304841
0 0.51203125 0.9365625854846565 0.0240625 0.06439162006819288 0.31195
1 0.7928125 0.6626580672187042 0.033125 0.04517028718947881 0.313059
0 0.7173435 0.6991782698490014 0.0328125 0.05093667705796395 0.314015
1 0.742656 0.892833895762299 0.0340625 0.05478080370189966 0.314377
1 0.8379685000000001 0.9598687277155382 0.0584375 0.055261569410618605 0.316247
1 0.573594 0.97476546809547 0.0684375 0.03700121821724306 0.321626
1 0.920156 0.6340660009741841 0.0396875 0.04468977135898685 0.325504
0 0.7982815 0.7131139785679493 0.0359375 0.061508525085241114 0.327898
0 0.7170314999999999 0.8519888007793474 0.0253125 0.04132601061860691 0.332661
0 0.6867185 0.963232588407209 0.04093750000000001 0.04084549478811496 0.333343
0 0.52265625 0.8394948894301023 0.0209375 0.03940389732099367 0.360941
0 0.50640625 0.8620798830979055 0.0090625 0.051897708718947874 0.367339
1 0.8465625000000001 0.6367087131027764 0.031875 0.04324817389186557 0.369009
0 0.869375 0.9319978100340965 0.0525 0.06391135411592791 0.370114
1 0.636875 0.67947637116415 0.04875000000000001 0.06535265172917681 0.379841
1 0.7640625 0.6417547540185095 0.039375 0.04757296629322942 0.381592
1 0.7975 0.7078280545543107 0.034375 0.05093667705796395 0.386609
1 0.8359375 0.8447808134437409 0.055625 0.04997564539698003 0.3869
1 0.816875 0.7501154466634194 0.050625 0.04997564539698003 0.396404
1 0.73125 0.6499237730150998 0.038125 0.05622260107160253 0.39655
0 0.6217185 0.9310367783731125 0.0446875 0.0389233315148563 0.397219
0 0.7073440000000001 0.8241173833414516 0.0365625 0.03844281568436434 0.401056
0 0.9651564999999999 0.5353160247442766 0.0696875 0.0691972781295665 0.422394
1 0.9084375 0.6835608806624452 0.046875 0.04180652644909888 0.427317
1 0.8882815 0.8241173833414516 0.0365625 0.05381977204091573 0.468326
1 0.8443749999999999 0.7147956590355578 0.05 0.06295032245494397 0.484886
1 0.6095315 0.6328645864588407 0.0359375 0.04324817389186557 0.488029
1 0.783125 0.8462221110569899 0.038125 0.051897708718947874 0.50253
1 0.9660935 0.5360368734534827 0.0678125 0.06198879103750608 0.511714
1 0.8203125 0.9089320506575742 0.05625 0.05622260107160253 0.526012
1 0.7539060000000001 0.7051853424257184 0.0515625 0.06198879103750608 0.546257
1 0.7171875 0.8875484715051145 0.02375 0.04420920555284949 0.566971
1 0.7378125 0.8029741870433512 0.04625 0.06439162006819288 0.577058
0 0.9459374999999999 0.9029254778373113 0.07625 0.0691972781295665 0.625883
1 0.748125 0.8599174369215782 0.0475 0.06775548075986361 0.638908
1 0.8712500000000001 0.7758239181685339 0.04499999999999999 0.051417442766682905 0.654896
1 0.7734375 0.9346405221626888 0.0475 0.08072965806137358 0.66763
