0 0.1737845 0.14199830004870923 0.02743055 0.028351583438869947 0.303611
0 0.1967015 0.14944617048222114 0.02881945 0.03267637584023381 0.310576
0 0.4645834999999999 0.014656307549926936 0.0555555 0.029312615099853872 0.34916
0 0.266493 0.013454992985874329 0.0329861 0.026909985971748658 0.354774
0 0.1663195 0.081931072576717 0.0201389 0.027390501802240626 0.373491
0 0.388021 0.15497247735021916 0.030208349999999995 0.03988441315148563 0.38097
0 0.396528 0.18188236337067706 0.0298611 0.030273696736483197 0.408828
0 0.3189235 0.013935508816366293 0.0378472 0.027871017632732586 0.410445
0 0.172396 0.05574183536288359 0.0267361 0.03267637584023381 0.41386
0 0.450521 0.36784973599610327 0.0496528 0.051417442766682905 0.440541
0 0.2208335 0.21191572722844618 0.03541665 0.05381977204091573 0.445428
0 0.406597 0.01826035119337555 0.0340278 0.0365206524111057 0.460161
0 0.2421875 0.45218363760350705 0.0496528 0.05862543010228933 0.47424
0 0.217882 0.36016098295177784 0.04131945 0.05910569605455431 0.513649
0 0.24635399999999996 0.11701047735021919 0.0378472 0.054300537749634684 0.524322
0 0.269097 0.04709245046273746 0.0326389 0.04228709225523623 0.525395
0 0.1770835 0.3676093531417438 0.0409722 0.05862543010228933 0.528187
0 0.187153 0.018500584120798833 0.03125 0.03507905494398442 0.52853
0 0.302778 0.035319337847053094 0.03333335 0.03315694164637116 0.571637
0 0.09513899999999999 0.33973843546030197 0.04305555 0.05766439844130541 0.594306
0 0.252778 0.3889929322942036 0.0604165 0.0744827023867511 0.602524
0 0.11631949999999999 0.3825060935216756 0.04305555 0.05574183536288359 0.604663
0 0.20677100000000004 0.11508791427179736 0.0482639 0.05622260107160253 0.611192
0 0.1479165 0.08097004091573307 0.024305549999999995 0.034117973307355096 0.619998
0 0.1230905 0.17299269556746227 0.03854165 0.04228709225523623 0.620413
0 0.0680555 0.46419678324403313 0.03819445 0.05478080370189966 0.622072
0 0.186111 0.4166239668777399 0.0541665 0.07592449975645396 0.622341
0 0.251389 0.19413639162201654 0.04375 0.05766439844130541 0.624837
0 0.1055555 0.4550667325864588 0.04305555 0.06727471505114467 0.642881
0 0.4345485 0.4572291787627862 0.0614585 0.07159960740379932 0.645039
0 0.1805555 0.19413639162201654 0.04652780000000001 0.062469556746225036 0.678529
0 0.120139 0.24026741061860693 0.04583335 0.05381977204091573 0.698898
0 0.360243 0.4639564003896736 0.0774305 0.07159960740379932 0.714264
0 0.389236 0.3680896190940088 0.079861 0.10475644909887968 0.72473
0 0.780903 0.20687018606916704 0.0388889 0.04084549478811496 0.257463
0 0.946875 0.251800290306868 0.0402778 0.04709245046273746 0.27017
1 0.5472222 0.15232976522162692 0.0375 0.03844281568436434 0.280853
0 0.9779514999999999 0.4365662484169508 0.03368055 0.0466118846566001 0.327525
0 0.6020835 0.3793826156843644 0.04722219999999999 0.04180652644909888 0.335867
0 0.928125 0.4014868436434486 0.0423611 0.03315694164637116 0.342633
0 0.9546875 0.43632586556259134 0.03229165 0.04805348212372138 0.350085
0 0.83125 0.34766707160253285 0.04722219999999999 0.05814466439357039 0.372658
1 0.5340278 0.20254529371651242 0.03819445 0.028351583438869947 0.372905
0 0.917882 0.43632586556259134 0.0434028 0.05285874037993181 0.406477
1 0.5925345 0.22609181880175352 0.04270835 0.03796224987822698 0.442427
0 0.777778 0.029312615099853872 0.04791665 0.04613136882610814 0.45027
0 0.872222 0.08529493326838772 0.03055555 0.04372868972235752 0.484632
0 0.581771 0.3214778343886994 0.0378472 0.04228709225523623 0.500434
0 0.8423610000000001 0.30538017924987826 0.02916665 0.030273696736483197 0.505838
0 0.855903 0.3486281032635168 0.053472000000000006 0.055261569410618605 0.512071
0 0.9791664999999999 0.4048507043351193 0.02916665 0.0389233315148563 0.512192
0 0.8074655 0.42142912518265957 0.053125 0.07880759473940574 0.527572
0 0.7350694999999999 0.15160861665854847 0.04930555 0.054300537749634684 0.530047
0 0.6026039999999999 0.018500584120798833 0.060764000000000006 0.03700121821724306 0.570989
0 0.5623265 0.3755379892839747 0.047569450000000006 0.04853404792985874 0.581731
0 0.594097 0.42623478324403313 0.070139 0.07592449975645396 0.582175
0 0.9039929999999999 0.16914856892352653 0.03368055 0.04228709225523623 0.584624
0 0.8927085 0.08961982562104237 0.0284722 0.03507905494398442 0.588127
0 0.872222 0.17996030004870922 0.03958335 0.049495129566488064 0.590884
0 0.7451389999999999 0.024747539795421332 0.0326389 0.03796224987822698 0.601936
0 0.9427085000000001 0.238826113005358 0.03125 0.0365206524111057 0.61448
0 0.9598960000000001 0.270781540185095 0.029513899999999996 0.0389233315148563 0.616368
0 0.8654514999999999 0.42983852703360936 0.068403 0.1119644364344861 0.637517
0 0.7413194999999999 0.20470773989283975 0.04930555 0.062469556746225036 0.641746
0 0.7763889999999999 0.10379541743789575 0.04791665 0.05766439844130541 0.649665
0 0.7904514999999999 0.17371334437408673 0.05243049999999999 0.07256063906478323 0.694385
0 0.8899305000000001 0.24170920798830978 0.04166665 0.05381977204091573 0.700082
0 0.8060764999999999 0.27366463516804673 0.059375 0.06775548075986361 0.70074
0 0.9164929999999999 0.3659276726741354 0.051041500000000004 0.06487238577691183 0.709829
0 0.759375 0.3714534797856795 0.0930555 0.12878324013638576 0.722142
0 0.7819444999999999 0.8241173833414516 0.03958335 0.05285874037993181 0.263992
0 0.8322915 0.969239161227472 0.03125 0.02979318090599123 0.284641
0 0.956771 0.604032637116415 0.034375 0.05574183536288359 0.305233
0 0.8748265 0.8755348261081344 0.02604165 0.030754262542620557 0.31481
0 0.896354 0.8402155382367268 0.0378472 0.03796224987822698 0.315177
0 0.9279514999999999 0.9370433511933756 0.02604165 0.027871017632732586 0.364621
0 0.730903 0.8245981490501705 0.03819445 0.03844281568436434 0.370911
0 0.9092014999999999 0.9521799746712128 0.0267361 0.02354622523136873 0.377166
0 0.9083335 0.7960060828056502 0.0326389 0.04372868972235752 0.3784
0 0.7498265 0.6213317067705797 0.0552085 0.06343058840720897 0.404496
0 0.9244789999999999 0.5888955138821238 0.02743055 0.029312615099853872 0.408835
0 0.5532985 0.6715477350219191 0.047569450000000006 0.06295032245494397 0.416598
0 0.6194445 0.6756322445202144 0.03958335 0.04517028718947881 0.43252
0 0.9765625 0.6321439376522163 0.02604165 0.031234778373112518 0.437992
0 0.9383679999999999 0.9617907910375061 0.02743055 0.028351583438869947 0.456274
0 0.754514 0.8978799366780322 0.0388889 0.03700121821724306 0.461681
0 0.6223960000000001 0.9375241169020945 0.04479165 0.05574183536288359 0.490353
0 0.9197915 0.6167669313200195 0.0298611 0.03796224987822698 0.491883
0 0.8024305 0.8728921139795421 0.0402778 0.04757296629322942 0.515455
0 0.808507 0.6208514408183147 0.0440972 0.05766439844130541 0.519114
0 0.5739585 0.7097501178762786 0.04930555 0.04613136882610814 0.52707
0 0.8949655 0.6441570832927422 0.03368055 0.04372868972235752 0.534903
0 0.8520835 0.8791390696541647 0.0284722 0.026429420165611298 0.537082
0 0.8921875 0.798889677545056 0.0371528 0.054300537749634684 0.549212
0 0.7706595 0.8690474875791525 0.0329861 0.03988441315148563 0.559127
0 0.9557289999999999 0.9356015538236727 0.02881945 0.03267637584023381 0.598857
0 0.820486 0.7126337126156843 0.058333499999999996 0.08072965806137358 0.658226
0 0.8631945 0.8462221110569899 0.0423611 0.04228709225523623 0.668644
0 0.7727430000000001 0.9310367783731125 0.05243049999999999 0.04757296629322942 0.680454
0 0.5831595 0.6355077983438869 0.060764000000000006 0.07928836044812469 0.683462
0 0.791493 0.565589871407696 0.0614585 0.08265222113979542 0.685935
0 0.54322915 0.9065292216268874 0.065625 0.07832732878714077 0.689514
0 0.9821179999999999 0.5879344822211398 0.030208349999999995 0.04372868972235752 0.693069
0 0.7170139999999999 0.9329588416950804 0.0555555 0.06198879103750608 0.695829
0 0.73125 0.8630409147588894 0.0423611 0.051897708718947874 0.711325
0 0.759028 0.6672228426692646 0.067361 0.08697661373599609 0.74562
0 0.5845485 0.8334878168533852 0.062847 0.08121042377009255 0.74858
0 0.3569445 0.9533813891865562 0.0520835 0.04324817389186557 0.283792
0 0.18142350000000002 0.6643397476863128 0.03854165 0.03604013658061374 0.284588
0 0.378993 0.6893275703848027 0.04270835 0.06295032245494397 0.29614
0 0.0762155 0.7604469118363371 0.03506945 0.03315694164637116 0.37784
0 0.3770835 0.7421863107647345 0.0340278 0.054300537749634684 0.3973
0 0.2324655 0.9740443195323916 0.062153 0.02979318090599123 0.410268
0 0.072396 0.9202245474914759 0.0378472 0.04036492898197759 0.424441
0 0.057639 0.8911522152946907 0.026388900000000003 0.03507905494398442 0.439653
0 0.171007 0.8503066205552849 0.0371528 0.05622260107160253 0.443919
0 0.38819450000000005 0.8599174369215782 0.0743055 0.09082124013638578 0.492729
0 0.3185765 0.9214259620068193 0.055902999999999994 0.06295032245494397 0.495541
0 0.122396 0.7835121714564052 0.02604165 0.05333950608865076 0.516145
0 0.2336805 0.6655411622016562 0.04305555 0.05670336678032148 0.516484
0 0.1836805 0.6922106653677546 0.04513890000000001 0.049495129566488064 0.519568
0 0.117361 0.6381505104724793 0.0326389 0.03748173404773502 0.525596
0 0.2189235 0.7280107189478812 0.0454861 0.04132601061860691 0.535863
0 0.425868 0.8969189050170482 0.0496528 0.06487238577691183 0.557978
0 0.159722 0.9327184588407209 0.03958335 0.05670336678032148 0.569939
0 0.0329861 0.7335365260594252 0.0340278 0.04757296629322942 0.572895
0 0.12170150000000002 0.6013894252313687 0.03645835 0.0427676080857282 0.573385
0 0.4390625 0.9447321042377009 0.070486 0.06631368339016075 0.588866
0 0.0434028 0.7818304909887969 0.03680555 0.04324817389186557 0.614113
0 0.2185765 0.8394948894301023 0.0572915 0.07592449975645396 0.622116
0 0.3489585 0.7037435450560156 0.057639 0.08217145543107648 0.629746
0 0.344097 0.8644827121285923 0.08125 0.09322356941061861 0.639434
0 0.2012155 0.8966785221626887 0.05243049999999999 0.05574183536288359 0.659582
0 0.393403 0.6196500263029713 0.061805500000000006 0.06967754408183145 0.668385
0 0.190972 0.6112406244520214 0.059028 0.0768855314174379 0.688706
0 0.427778 0.7220041461276181 0.075 0.08889917681441792 0.739423
