0 0.2315625 0.3541544101315149 0.04 0.05478080370189966 0.269057
0 0.165625 0.4161432011690209 0.028125 0.03555957077447638 0.284663
0 0.3578125 0.094424983925962 0.0375 0.05237847442766683 0.30402
0 0.216875 0.29240550219191425 0.03625 0.06006672771553823 0.308825
0 0.457031 0.48341841597661955 0.05281249999999999 0.03267637584023381 0.31053
0 0.2715625 0.4769310774476376 0.048125 0.04565085299561617 0.311205
0 0.355156 0.41974744471505115 0.0396875 0.04372868972235752 0.327083
0 0.428281 0.47789210910862157 0.0459375 0.04372868972235752 0.329191
0 0.205 0.1777978538723819 0.035625 0.04805348212372138 0.332157
0 0.211875 0.13815367364831954 0.02875 0.04084549478811496 0.367307
0 0.2159375 0.24122844227959084 0.034375 0.04517028718947881 0.38432
0 0.134531 0.3034581159279104 0.0265625 0.04372868972235752 0.396441
0 0.2403125 0.4014868436434486 0.036875 0.04853404792985874 0.406829
0 0.2090625 0.08072965806137358 0.04625 0.07208037311251828 0.407528
0 0.17328150000000003 0.11052313882123721 0.04093750000000001 0.04324817389186557 0.40848
0 0.3207815 0.4279164637116415 0.0390625 0.04372868972235752 0.413215
0 0.19125 0.27222333755479783 0.039375 0.0466118846566001 0.41763
0 0.2767185 0.025468338528981976 0.0559375 0.0490145637603507 0.420499
0 0.13 0.15761568923526548 0.036875 0.061508525085241114 0.421
0 0.16437499999999997 0.23281904042864102 0.04375 0.04853404792985874 0.427822
0 0.1821875 0.3255623438869946 0.039375 0.05045641110569898 0.427898
0 0.22609400000000002 0.02042274739405748 0.0515625 0.0389233315148563 0.428588
0 0.4442189999999999 0.16025840136385777 0.0515625 0.06102775937652216 0.432689
0 0.1235935 0.48341841597661955 0.0259375 0.03267637584023381 0.434196
0 0.152344 0.14199830004870923 0.0334375 0.05237847442766683 0.434439
0 0.1682815 0.1722720467608378 0.04718749999999999 0.055261569410618605 0.442031
0 0.24781250000000002 0.465157814905017 0.05125 0.0691972781295665 0.442733
0 0.145 0.09923064198733562 0.03375 0.051417442766682905 0.448104
0 0.1978125 0.22537116999512907 0.0375 0.05381977204091573 0.449304
0 0.396875 0.04517028718947881 0.0375 0.05478080370189966 0.455498
0 0.4829685 0.21960448027277157 0.0340625 0.07015830979055042 0.456157
0 0.2696875 0.2431505056015587 0.05 0.05381977204091573 0.460889
0 0.35375 0.04517028718947881 0.035625 0.0490145637603507 0.462829
0 0.1710935 0.37722016950803705 0.0328125 0.04997564539698003 0.468961
0 0.1303125 0.3507905494398441 0.03375 0.061508525085241114 0.47085
0 0.12437500000000001 0.4372868972235753 0.0325 0.05285874037993181 0.485991
0 0.1560935 0.2993731066731612 0.0371875 0.05958646176327326 0.506935
0 0.4840625 0.31643229322942035 0.031875 0.06775548075986361 0.522207
0 0.4715625 0.38875304919629816 0.056875 0.06631368339016075 0.524317
0 0.2014065 0.37265489430102294 0.0390625 0.05622260107160253 0.525215
0 0.3523435 0.19918193278129567 0.0734375 0.05718363273258646 0.525557
0 0.4159375 0.19149317973697028 0.0425 0.06967754408183145 0.542199
0 0.180781 0.04324817389186557 0.0634375 0.07111934145153434 0.543186
0 0.295156 0.42935826108134434 0.0503125 0.07640526546517291 0.544468
0 0.4825 0.16338187920116903 0.035 0.05093667705796395 0.544632
0 0.45749999999999996 0.2023054106186069 0.045625 0.05574183536288359 0.548258
0 0.2982815 0.19653872089624938 0.0478125 0.05766439844130541 0.54946
0 0.3929685 0.40172722649780807 0.0559375 0.07208037311251828 0.553556
0 0.3059375 0.04709245046273746 0.061875 0.04997564539698003 0.560078
0 0.1475 0.3906751125182659 0.031875 0.051897708718947874 0.567536
0 0.2971875 0.3020163185582075 0.056875 0.06391135411592791 0.582339
0 0.197031 0.4586704763760351 0.0490625 0.06679444909887969 0.586204
0 0.356406 0.4644371660983926 0.0578125 0.05814466439357039 0.596445
0 0.4360935 0.43440380224062347 0.0428125 0.04997564539698003 0.616041
0 0.4778125 0.44785874525085245 0.044375000000000005 0.06439162006819288 0.622295
0 0.2967185 0.3541544101315149 0.0534375 0.06631368339016075 0.627925
0 0.326406 0.2609303409644423 0.06218750000000001 0.08169118947881149 0.63567
0 0.3951565000000001 0.11004237311251826 0.0546875 0.06727471505114467 0.63804
0 0.2479685 0.08721699659035559 0.0546875 0.08697661373599609 0.64149
0 0.445156 0.2695801256697516 0.06218750000000001 0.10571748075986362 0.674241
0 0.2510935 0.30249658451047245 0.0490625 0.07256063906478323 0.681576
0 0.3426564999999999 0.37265489430102294 0.0540625 0.06198879103750608 0.682484
0 0.2526565 0.17371334437408673 0.0478125 0.08409351875304433 0.697139
0 0.3135935 0.11244520214320507 0.0728125 0.08841841110569898 0.757853
0 0.49125 0.8921132469556746 0.0175 0.07736629712615685 0.258708
0 0.18703150000000002 0.7976882630297126 0.0503125 0.04613136882610814 0.259364
0 0.3560940000000001 0.5744795392109109 0.0540625 0.05333950608865076 0.26411
0 0.48874999999999996 0.9483358480272772 0.022499999999999996 0.06679444909887969 0.265982
0 0.161094 0.8272408611787627 0.0359375 0.0389233315148563 0.271499
0 0.254375 0.8159483643448612 0.03625 0.051897708718947874 0.286693
0 0.255 0.9680377467121287 0.04 0.03219586000974184 0.2928
0 0.2345315 0.938244765708719 0.0378125 0.05718363273258646 0.303758
0 0.21656250000000002 0.9070099873356064 0.035625 0.055261569410618605 0.306289
0 0.192031 0.5941814378957623 0.0496875 0.05718363273258646 0.33064
0 0.22874999999999998 0.6446378490014613 0.05625 0.049495129566488064 0.371362
0 0.3565625 0.6196500263029713 0.0325 0.04372868972235752 0.374845
0 0.191719 0.9351212878714077 0.0353125 0.04228709225523623 0.382137
0 0.166875 0.8048962503653191 0.040625 0.04420920555284949 0.387053
0 0.34718750000000004 0.6749115957135898 0.038125 0.05333950608865076 0.393306
0 0.431094 0.8899508007793474 0.0615625 0.06535265172917681 0.394316
0 0.2717185 0.5088866045786653 0.0284375 0.01826035119337555 0.396554
0 0.163906 0.9365625854846565 0.024687499999999998 0.03748173404773502 0.412994
0 0.2898435 0.5552584062347784 0.0546875 0.075444233804189 0.419393
0 0.1276565 0.5093671703848027 0.0284375 0.019221382854359474 0.430904
0 0.168125 0.5156141260594252 0.041875 0.031715294203604485 0.439726
0 0.36984399999999995 0.8406963039454458 0.04656250000000001 0.06487238577691183 0.461239
0 0.2146875 0.8464624939113492 0.040625 0.05718363273258646 0.466496
0 0.1739065 0.899321234291281 0.0296875 0.03988441315148563 0.48083
0 0.485156 0.5836095898684851 0.0290625 0.07928836044812469 0.481024
0 0.2403125 0.8897104179249878 0.030625 0.03988441315148563 0.486013
0 0.4876559999999999 0.660975886994642 0.024687499999999998 0.06583341743789575 0.487241
0 0.130469 0.8060976648806625 0.030312499999999996 0.05045641110569898 0.496605
0 0.4782815 0.7457905543107648 0.0434375 0.09610716415002435 0.516104
0 0.2403125 0.7537191904529956 0.056875 0.05333950608865076 0.516722
0 0.3928125 0.7491539152459815 0.0675 0.07208037311251828 0.528725
0 0.245156 0.84982635460302 0.0315625 0.049495129566488064 0.534842
0 0.2859375 0.7450694057476863 0.0425 0.05622260107160253 0.536025
0 0.1554685 0.8457418451047248 0.0390625 0.04517028718947881 0.554678
0 0.45125 0.8183511933755478 0.05375 0.0893794427666829 0.561023
0 0.138125 0.6674632255236239 0.0525 0.10667901217730152 0.568911
0 0.317656 0.7116721811982465 0.0353125 0.05670336678032148 0.572004
0 0.32874999999999993 0.7875971807111544 0.043125 0.06823574671212859 0.577769
0 0.22874999999999998 0.7107111495372626 0.07875 0.08361325280077936 0.600556
0 0.4453125 0.5516541626887482 0.08375 0.1018733541159279 0.606684
0 0.245156 0.5415629804188992 0.0459375 0.07880759473940574 0.607604
0 0.3096875 0.5427643449585972 0.051875 0.05910569605455431 0.613514
0 0.3359375 0.9468945504140283 0.06625 0.07736629712615685 0.627978
0 0.1771875 0.6640993648319532 0.05875 0.08745737944471504 0.62885
0 0.1726565 0.7515567442766683 0.052187500000000005 0.0691972781295665 0.629193
0 0.2848435 0.8183511933755478 0.0459375 0.07111934145153434 0.6294
0 0.3089065 0.861839500243546 0.04656250000000001 0.05910569605455431 0.633181
0 0.4315625 0.6691449059912323 0.09874999999999999 0.1283029741841208 0.658125
0 0.3173435 0.6458392635168047 0.04656250000000001 0.07208037311251828 0.680201
0 0.208906 0.5283482703360936 0.0515625 0.055261569410618605 0.690894
0 0.358125 0.5288288361422309 0.05 0.049495129566488064 0.693774
0 0.2729685 0.8909118324403312 0.0428125 0.05574183536288359 0.70678
0 0.4059375 0.8077793453482709 0.05125 0.09034047442766684 0.713843
0 0.6570315 0.4757296629322942 0.0615625 0.04228709225523623 0.271968
0 0.565469 0.24531295177788603 0.0396875 0.051417442766682905 0.292472
0 0.7090625 0.0929836863127131 0.05375 0.07832732878714077 0.315993
0 0.6832809999999999 0.011773112615684365 0.0384375 0.02354622523136873 0.321267
0 0.6404685 0.012253628446176328 0.04093750000000001 0.02450730686799805 0.338231
0 0.7198435 0.015617389186556259 0.0509375 0.031234778373112518 0.349054
0 0.7003124999999999 0.2176824169508037 0.04875000000000001 0.07976862640038968 0.357296
0 0.5204687499999999 0.45770944471505115 0.0365625 0.07736629712615685 0.37929
0 0.7695310000000001 0.13815367364831954 0.052187500000000005 0.075444233804189 0.404975
0 0.510625 0.15232976522162692 0.02125 0.0490145637603507 0.405345
0 0.8571875 0.47789210910862157 0.043125 0.03988441315148563 0.415769
0 0.8954685 0.3056200623477837 0.0490625 0.05862543010228933 0.420214
0 0.860156 0.45458596687773983 0.0478125 0.06535265172917681 0.430282
0 0.6684375 0.03195557710667316 0.04 0.051417442766682905 0.431837
0 0.9565625 0.12686117681441794 0.039375 0.05381977204091573 0.434474
0 0.6551565 0.2325791573307355 0.0490625 0.05574183536288359 0.440792
0 0.9448435 0.16554432537749636 0.0353125 0.051417442766682905 0.454919
0 0.621875 0.030513979639551873 0.040625 0.04372868972235752 0.45555
0 0.53375 0.055261569410618605 0.0425 0.062469556746225036 0.47199
0 0.54265625 0.30129566975158306 0.0403125 0.0691972781295665 0.475106
0 0.7189065000000001 0.29384729956161715 0.0496875 0.08697661373599609 0.477895
0 0.828906 0.17155089819775937 0.0609375 0.11148417048222115 0.479332
0 0.51609375 0.2176824169508037 0.0321875 0.08169118947881149 0.500613
0 0.636719 0.09706819581100827 0.05281249999999999 0.06631368339016075 0.503402
0 0.67125 0.2964900116902095 0.04499999999999999 0.06439162006819288 0.514805
0 0.9493750000000001 0.28087262250365325 0.039375 0.06102775937652216 0.522605
0 0.896094 0.46419678324403313 0.0384375 0.05478080370189966 0.526029
0 0.582656 0.33661495762299076 0.0515625 0.06295032245494397 0.532784
0 0.5178125 0.3056200623477837 0.034375 0.08072965806137358 0.536713
0 0.9096875 0.04637165172917681 0.066875 0.087938145153434 0.542118
0 0.593125 0.46059303945445684 0.07375 0.07832732878714077 0.553141
0 0.621875 0.30369799902581585 0.05375 0.0691972781295665 0.558711
0 0.75 0.34021870141256694 0.053125 0.07111934145153434 0.559525
0 0.583906 0.08024939210910863 0.057187499999999995 0.05093667705796395 0.561183
0 0.9607809999999999 0.21359790745250853 0.0459375 0.08217145543107648 0.571941
0 0.9385935 0.34166049878226984 0.0421875 0.08457428446176327 0.581505
0 0.8940625 0.2227279581100828 0.069375 0.14944617048222114 0.595276
0 0.8173435 0.06655406624452022 0.0596875 0.1283029741841208 0.596573
0 0.8635939999999999 0.34934875207014127 0.0659375 0.11532829712615685 0.619469
0 0.6032815 0.1321471008280565 0.0546875 0.07400243643448612 0.641241
0 0.7926560000000001 0.415182169508037 0.0628125 0.12301705017048223 0.648061
0 0.7545315 0.05213809157330736 0.0765625 0.10427618314661471 0.658746
0 0.5825 0.026909985971748658 0.046875 0.04805348212372138 0.659162
0 0.662656 0.4161432011690209 0.0784375 0.09995129079396006 0.660553
0 0.793594 0.2503589926936191 0.0915625 0.1172503604481247 0.66731
0 0.6045315 0.3868304861178763 0.0615625 0.0855353161227472 0.67092
0 0.546875 0.13262786653677544 0.068125 0.07784656307842182 0.671005
0 0.728594 0.4454559162201656 0.0834375 0.10091232245494397 0.72765
0 0.612969 0.22416975547978568 0.0590625 0.08409351875304433 0.733732
0 0.9053125000000001 0.6400725737944472 0.029375 0.04228709225523623 0.26548
0 0.8159375 0.900763031660984 0.0375 0.03604013658061374 0.274682
0 0.51625 0.5129711640526059 0.0325 0.026429420165611298 0.27691
0 0.8292185 0.6215720896249392 0.0353125 0.04180652644909888 0.282526
0 0.7035935 0.7171984880662445 0.0346875 0.0427676080857282 0.28922
0 0.6417185 0.9646738860204579 0.0496875 0.0466118846566001 0.308719
0 0.9109375 0.8445404305893814 0.023125 0.03507905494398442 0.319939
0 0.54453125 0.8589564052605942 0.0459375 0.03507905494398442 0.327138
0 0.51640625 0.8291634242571846 0.0321875 0.05045641110569898 0.353988
0 0.810469 0.8697686361422309 0.027187500000000003 0.0365206524111057 0.35716
0 0.7899999999999999 0.850787386264004 0.035 0.06102775937652216 0.36186
0 0.8792189999999999 0.5213805159279103 0.0359375 0.04324817389186557 0.369665
0 0.7959375000000001 0.9644340029225523 0.04875000000000001 0.04132601061860691 0.370523
0 0.813281 0.7597257632732587 0.030312499999999996 0.04613136882610814 0.373207
0 0.8240624999999999 0.5427643449585972 0.051875 0.0744827023867511 0.380052
0 0.5928125000000001 0.9651546517291768 0.048125 0.04084549478811496 0.39229
0 0.8921875 0.9156597720409158 0.033125 0.04180652644909888 0.399367
0 0.8945310000000001 0.9697199269361909 0.0353125 0.04036492898197759 0.404973
0 0.72875 0.8909118324403312 0.030625 0.04036492898197759 0.405391
0 0.8270315 0.7839929371651242 0.0371875 0.03796224987822698 0.431383
0 0.83 0.8642423292742328 0.03125 0.03700121821724306 0.439757
0 0.6159375 0.8668850414028251 0.040625 0.06054749342425718 0.45234
0 0.8903125000000001 0.8505470034096444 0.029375 0.03940389732099367 0.45443
0 0.8342185 0.6934120798830979 0.0403125 0.0490145637603507 0.465203
0 0.6070310000000001 0.9163804208475402 0.0390625 0.05381977204091573 0.472765
0 0.8401564999999999 0.755400870920604 0.0290625 0.051897708718947874 0.473525
0 0.5171875 0.5797654632245494 0.034375 0.06871651242084754 0.478185
0 0.8196875 0.9190231329761325 0.043125 0.06871651242084754 0.487713
0 0.7051565 0.6852430608865075 0.0315625 0.03844281568436434 0.487901
0 0.9171875 0.6496833901607404 0.03375 0.05670336678032148 0.502303
0 0.742969 0.7575633170969313 0.0321875 0.04853404792985874 0.513525
0 0.8651564999999999 0.906289338528982 0.0403125 0.06439162006819288 0.523563
0 0.69 0.9072503701899659 0.051875 0.062469556746225036 0.529079
0 0.64375 0.8745737944471506 0.039375 0.07592449975645396 0.539681
0 0.575 0.8709695509011204 0.04625 0.0744827023867511 0.542416
0 0.909375 0.7837525543107647 0.028125 0.04517028718947881 0.54377
0 0.864844 0.7731807062834876 0.0321875 0.03844281568436434 0.552807
0 0.729844 0.5333939114466634 0.04656250000000001 0.04805348212372138 0.564199
0 0.6842185 0.6448782318558207 0.0490625 0.06343058840720897 0.566228
0 0.52875 0.9125362942036044 0.0575 0.10091232245494397 0.579634
0 0.7204685000000001 0.8479042912810522 0.0390625 0.05237847442766683 0.579834
0 0.8135935 0.8320465192401363 0.0421875 0.04757296629322942 0.585819
0 0.689375 0.8404559210910861 0.0375 0.06343058840720897 0.585949
0 0.7321875 0.8034544529956161 0.04125 0.03940389732099367 0.593103
0 0.881719 0.8248385319045299 0.0315625 0.0427676080857282 0.595942
0 0.7332815 0.9360823195323916 0.0459375 0.05862543010228933 0.602379
0 0.9021874999999999 0.5290690690696542 0.039375 0.05670336678032148 0.60807
0 0.8534375 0.6520862191914273 0.043125 0.061508525085241114 0.608757
0 0.53171875 0.7143153930832927 0.0634375 0.1033151514856308 0.623872
0 0.6657810000000001 0.7133543614223088 0.0540625 0.06871651242084754 0.637938
0 0.631719 0.6328645864588407 0.0665625 0.0768855314174379 0.641092
0 0.684375 0.7647713044325377 0.044375000000000005 0.05622260107160253 0.645761
0 0.775781 0.5470891373599611 0.057187499999999995 0.087938145153434 0.649515
0 0.8746875000000001 0.698938386751096 0.03875 0.05718363273258646 0.656625
0 0.6217185 0.5490113006332197 0.0628125 0.08601558207501218 0.678521
0 0.6264065 0.8000910920603994 0.0446875 0.07400243643448612 0.69595
0 0.615 0.7253675070628348 0.046875 0.07256063906478323 0.713111
0 0.5509375 0.7955258168533853 0.073125 0.0956263984413054 0.716403
0 0.685 0.5679922006819289 0.053125 0.0893794427666829 0.737743
