0 0.286328 0.769531 0.0263021 0.0381434 0.282803
0 0.428255 0.7603400000000001 0.0341146 0.0445772 0.301699
0 0.4910155 0.9310660000000001 0.01796875 0.0588235 0.313623
0 0.49388 0.5590535 0.0122396 0.0390625 0.314271
0 0.4947915 0.863281 0.009375 0.058364 0.319512
0 0.3471355 0.722656 0.034375 0.05193 0.323684
0 0.265104 0.7212775 0.03229165 0.0537685 0.332702
0 0.266797 0.9747245 0.03046875 0.0404412 0.347792
0 0.389453 0.592831 0.0341146 0.055147 0.36238
0 0.284375 0.866498 0.03125 0.06112150000000001 0.392607
0 0.486849 0.7591910000000001 0.0263021 0.054228 0.393913
0 0.3184895 0.9563420000000001 0.04375 0.04411765 0.400201
0 0.4260415 0.742877 0.021875 0.0335478 0.405731
0 0.4890625 0.591682 0.021875 0.0445772 0.412984
0 0.3875 0.591452 0.02239585 0.0367647 0.466915
0 0.317448 0.9368105 0.03541665 0.0454963 0.4694
0 0.3929685 0.5579045 0.02552085 0.0376838 0.470499
0 0.315755 0.553998 0.03671875 0.04641545 0.480317
0 0.276172 0.930377 0.03515625 0.051011 0.491165
0 0.267578 0.5459559 0.03203125 0.055147 0.491318
0 0.3272135 0.700827 0.0341146 0.04411765 0.495036
0 0.4296875 0.8097424999999999 0.03020835 0.03952205 0.513979
0 0.255729 0.8687960000000001 0.03072915 0.04181985 0.544666
0 0.4191405 0.6006435 0.0419271 0.0625 0.546058
0 0.2722655 0.6024815 0.04453125 0.0625 0.549736
0 0.244271 0.829274 0.0296875 0.0528495 0.558749
0 0.471224 0.8035385 0.0393229 0.066636 0.578147
0 0.4578125 0.9441635 0.055729 0.0795035 0.592155
0 0.3084635 0.609145 0.0403646 0.065717 0.603834
0 0.2903645 0.736443 0.02760415 0.0491728 0.621989
0 0.302344 0.8067555 0.03020835 0.050092 0.629387
0 0.308724 0.8855700000000001 0.0419271 0.0652575 0.644294
0 0.3170575 0.7472424999999999 0.03515625 0.054228 0.669715
0 0.415104 0.405101 0.059896 0.081342 0.254318
0 0.4802085 0.02389705 0.03958335 0.0477941 0.282982
0 0.489974 0.0369945 0.0200521 0.057445 0.318318
0 0.2458335 0.058134 0.0265625 0.0436581 0.330847
0 0.453776 0.2412685 0.0361979 0.04411765 0.33089
0 0.256771 0.128906 0.02916665 0.04090075 0.345496
0 0.2477865 0.1902575 0.0419271 0.0588235 0.353131
0 0.321354 0.4246325 0.04270835 0.0579045 0.356211
0 0.31888 0.1328125 0.04765625 0.055147 0.36905
0 0.454297 0.02826285 0.0283854 0.0565255 0.454347
0 0.240495 0.246094 0.0403646 0.058364 0.472171
0 0.227474 0.0549175 0.03203125 0.0445772 0.495882
0 0.4078125 0.092601 0.0359375 0.04641545 0.497381
0 0.4270835 0.2640165 0.03125 0.04090075 0.500444
0 0.3079425 0.392693 0.04453125 0.0491728 0.50249
0 0.3065105 0.02090995 0.0421875 0.0390625 0.518455
0 0.4316405 0.1909465 0.03671875 0.0445772 0.518666
1 0.2610675 0.428309 0.029947899999999996 0.054228 0.532082
0 0.426172 0.0641085 0.0341146 0.0528495 0.553846
0 0.407031 0.211397 0.03125 0.0523895 0.568522
0 0.3828125 0.103171 0.02916665 0.057445 0.580133
0 0.270573 0.0556065 0.04010415 0.061581000000000004 0.611393
0 0.2696615 0.2389705 0.0388021 0.069853 0.631617
0 0.2128905 0.1996785 0.0408854 0.066636 0.644416
0 0.3039065 0.079044 0.03541665 0.053309 0.646771
1 0.338151 0.251838 0.0440104 0.046875 0.647765
0 0.4785155 0.374081 0.04296875 0.0983455 0.676113
0 0.242578 0.107077 0.0325521 0.0514705 0.690324
0 0.3923175 0.04434745 0.03046875 0.04273895 0.692962
0 0.764323 0.079274 0.0265625 0.0298713 0.277423
0 0.6095050000000001 0.076057 0.0393229 0.03538605 0.289218
0 0.7260414999999999 0.112362 0.02708335 0.0344669 0.289817
0 0.8192710000000001 0.4462315 0.0375 0.0523895 0.308904
0 0.559245 0.2451745 0.0466146 0.064798 0.318644
0 0.873177 0.1817555 0.02135415 0.03538605 0.326289
0 0.8645835000000001 0.253217 0.03177085 0.02941175 0.340276
0 0.615104 0.4057905 0.04010415 0.0753675 0.341869
0 0.8548175 0.143612 0.02265625 0.03079045 0.344494
0 0.51510415 0.3037685 0.03020835 0.04963235 0.354975
0 0.9433595 0.475184 0.064323 0.0477941 0.358354
0 0.52395835 0.2192095 0.03802085 0.0459559 0.365298
0 0.7540365 0.02527575 0.0346354 0.0477941 0.373529
0 0.8350259999999999 0.2819395 0.03203125 0.0326287 0.373994
0 0.88138 0.1767005 0.0294271 0.051011 0.37914
0 0.5332031 0.064798 0.0341146 0.04963235 0.379524
0 0.6358075 0.0921415 0.02734375 0.0445772 0.388091
0 0.671224 0.2628675 0.02421875 0.04319855 0.393547
0 0.5311198 0.459559 0.0539065 0.068934 0.396601
0 0.761198 0.238511 0.025 0.0376838 0.400574
0 0.645052 0.134421 0.02552085 0.0390625 0.422415
0 0.6449219999999999 0.0402114 0.04296875 0.03630515 0.423774
0 0.7625 0.276884 0.02135415 0.04181985 0.428979
0 0.8824219999999999 0.1224725 0.0231771 0.0335478 0.433795
0 0.7333335000000001 0.1305145 0.0296875 0.04411765 0.443211
0 0.6477865 0.262408 0.0263021 0.0404412 0.44517
0 0.6561199999999999 0.223805 0.0236979 0.02941175 0.449542
0 0.7777344999999999 0.265855 0.02578125 0.0390625 0.45233
0 0.8264324999999999 0.09398 0.02734375 0.0445772 0.460003
0 0.88125 0.278033 0.04583335 0.0376838 0.46195
0 0.892578 0.1475185 0.02265625 0.03492645 0.468965
0 0.7908855 0.09375 0.03177085 0.0413603 0.474287
0 0.633203 0.3860295 0.0455729 0.063419 0.477885
0 0.8523434999999999 0.0992645 0.03645835 0.04411765 0.483091
0 0.849479 0.1794575 0.02447915 0.0344669 0.483373
0 0.8726565000000001 0.0942095 0.02395835 0.0358456 0.484138
0 0.8342449999999999 0.1348805 0.03203125 0.04273895 0.486457
0 0.8084635 0.1794575 0.03203125 0.050092 0.509356
0 0.760156 0.1100645 0.02708335 0.04733455 0.515339
0 0.7427085000000001 0.250919 0.02708335 0.0367647 0.520886
0 0.7958335000000001 0.141774 0.02760415 0.0436581 0.525903
0 0.706771 0.3754595 0.03645835 0.0625 0.543827
0 0.6720050000000001 0.386719 0.0341146 0.058364 0.545738
0 0.7252605 0.0202206 0.0375 0.0404412 0.560766
0 0.5496093500000001 0.0236673 0.0434896 0.04733455 0.562239
0 0.9028645 0.1985295 0.03020835 0.0459559 0.563088
0 0.8041664999999999 0.0721505 0.025 0.03400735 0.574008
0 0.5123698 0.0344669 0.02421875 0.04871325 0.575523
0 0.8303385 0.245864 0.02734375 0.03952205 0.579638
0 0.8860675 0.3972885 0.0481771 0.107077 0.580767
0 0.8246094999999999 0.3056065 0.0263021 0.03952205 0.584431
0 0.6035155 0.03492645 0.03984375 0.059742500000000004 0.593273
0 0.6553384999999999 0.0693935 0.0356771 0.046875 0.596103
0 0.5796875 0.1015625 0.0484375 0.0670955 0.630757
0 0.8423175 0.377068 0.0372396 0.0693935 0.63274
0 0.695052 0.461397 0.055729 0.0661765 0.633335
0 0.5424479000000001 0.3534005 0.059896 0.09375 0.639726
0 0.8803385000000001 0.3191635 0.04609375 0.0565255 0.64278
0 0.593099 0.183134 0.03984375 0.0868565 0.646979
0 0.922526 0.319623 0.0424479 0.06204049999999999 0.663185
0 0.931901 0.390855 0.051823 0.088695 0.670745
0 0.7339845 0.066406 0.0440104 0.057445 0.680761
0 0.6467449999999999 0.4556525 0.0497396 0.088695 0.704519
0 0.51953125 0.4087775 0.03854165 0.082261 0.717297
0 0.6484375 0.3267465 0.04739585 0.0680145 0.724167
0 0.540625 0.158088 0.065625 0.111213 0.737417
0 0.7222655000000001 0.8131895 0.0231771 0.0381434 0.277928
0 0.718099 0.5873160000000001 0.0309896 0.054228 0.282956
0 0.5122396 0.5795035000000001 0.02135415 0.03952205 0.286502
0 0.8196615 0.5896140000000001 0.0315104 0.04319855 0.289511
0 0.8811199999999999 0.6456799999999999 0.0278646 0.04503675 0.295484
0 0.8178385000000001 0.9037224999999999 0.0294271 0.0491728 0.310945
0 0.8595050000000001 0.590533 0.0216146 0.02849265 0.31348
0 0.7872395 0.644531 0.04375 0.0703125 0.316609
0 0.6852865 0.9140625 0.03515625 0.053309 0.321465
0 0.5295573 0.9802390000000001 0.0539065 0.0367647 0.328839
0 0.5119791499999999 0.8033089999999999 0.02395835 0.060662 0.33902
0 0.53046875 0.5698529999999999 0.02447915 0.03952205 0.349077
0 0.5485677 0.6339615 0.0330729 0.050092 0.354279
0 0.551172 0.5705425 0.02734375 0.0436581 0.357446
0 0.8139325 0.9641545000000001 0.0372396 0.0588235 0.359213
0 0.6210939999999999 0.8972885 0.04739585 0.04641545 0.374505
0 0.7059894999999999 0.965763 0.05625 0.0537685 0.378523
0 0.54375 0.6024815 0.0296875 0.04319855 0.388395
0 0.556901 0.7715995 0.0356771 0.0514705 0.412277
0 0.8265625 0.716682 0.04114585 0.075827 0.423418
0 0.8466144999999999 0.96852 0.0390625 0.0565255 0.429636
0 0.908203 0.5234375 0.0497396 0.046875 0.445766
0 0.51666665 0.8497245 0.0328125 0.0652575 0.464528
0 0.659375 0.6316635 0.0296875 0.04641545 0.474891
0 0.52291665 0.7389705000000001 0.03854165 0.03860295 0.488639
0 0.8774739999999999 0.8322609999999999 0.0325521 0.0514705 0.493896
0 0.565495 0.8072150000000001 0.0346354 0.051011 0.496687
0 0.571745 0.7640164999999999 0.03359375 0.050092 0.516168
0 0.8035155 0.699219 0.0419271 0.0629595 0.525944
0 0.6790365 0.6323529999999999 0.0278646 0.0670955 0.526106
0 0.7644529999999999 0.6937039999999999 0.0403646 0.0556065 0.545846
0 0.9428385000000001 0.5367647 0.063802 0.0735295 0.546534
0 0.6639324999999999 0.6792279999999999 0.03359375 0.055147 0.548996
0 0.5860675000000001 0.9547335000000001 0.0627605 0.065717 0.552201
0 0.8921875 0.622932 0.02135415 0.03630515 0.558849
0 0.72513 0.641544 0.04296875 0.064338 0.562388
0 0.528125 0.9078585000000001 0.02916665 0.058364 0.566632
0 0.746875 0.780331 0.04010415 0.055147 0.57017
0 0.8839845 0.578125 0.0236979 0.03492645 0.570392
0 0.798047 0.6312039999999999 0.03828125 0.0684745 0.570632
0 0.9033855000000001 0.9287685 0.04427085 0.076287 0.572048
0 0.53385415 0.8088234999999999 0.03802085 0.060662 0.580534
0 0.7766925 0.8212315 0.03984375 0.091912 0.585021
0 0.826172 0.6493565 0.02890625 0.0569855 0.590373
0 0.9045574999999999 0.841682 0.0325521 0.058364 0.598896
0 0.6410155 0.9524355 0.0559895 0.0767465 0.604749
0 0.6322914999999999 0.6472885 0.03385415 0.0629595 0.620701
0 0.7454425 0.5857075 0.0372396 0.0546875 0.636617
0 0.5157552 0.630285 0.0315104 0.0556065 0.651153
0 0.7858075 0.9211855 0.04140625 0.0859375 0.656983
0 0.8054684999999999 0.8226105 0.04010415 0.0891545 0.66069
0 0.5609375 0.8798255 0.04322915 0.0776655 0.667738
0 0.771875 0.647748 0.04375 0.0684745 0.680825
0 0.835677 0.8058365 0.04583335 0.0712315 0.682094
0 0.7466145 0.8713234999999999 0.0546875 0.0965075 0.683112
0 0.8839845 0.7874539999999999 0.0471354 0.0556065 0.686401
0 0.8640625 0.874081 0.059375 0.069853 0.693644
