0 0.7115545 0.18092133170969313 0.0259046 0.019701948660496835 0.251857
0 0.9627880000000001 0.2090326322454944 0.0283717 0.02306565942523137 0.331487
1 0.853824 0.19966219873356064 0.03824015 0.026429420165611298 0.351215
0 0.9465459999999999 0.18452557525572333 0.03125 0.0365206524111057 0.393155
0 0.7029195 0.19798051826595225 0.0316612 0.027871017632732586 0.42513
0 0.7471215 0.16770677155382369 0.0238487 0.02979318090599123 0.431887
0 0.943668 0.2205655119337555 0.0230263 0.02402674106186069 0.459548
0 0.727796 0.16674573989283975 0.0287829 0.027871017632732586 0.464246
1 0.6126645000000001 0.44377423575255726 0.03453945 0.029312615099853872 0.469999
0 0.700658 0.1609790501704822 0.0287829 0.026909985971748658 0.492693
0 0.834704 0.17131051534339992 0.02713815 0.027390501802240626 0.512114
1 0.589638 0.43368265367754505 0.0337171 0.03315694164637116 0.517399
1 0.8698600000000001 0.3262834924500731 0.03824015 0.04613136882610814 0.52928
1 0.613487 0.29240550219191425 0.04523025 0.04180652644909888 0.586224
1 0.747533 0.30009425523623967 0.0419408 0.04565085299561617 0.612677
1 0.9568255 0.465157814905017 0.04358555 0.0490145637603507 0.627834
0 0.8601975000000001 0.16914856892352653 0.0263158 0.025948904335119337 0.638454
1 0.736431 0.4449756502679006 0.04276315 0.04324817389186557 0.639803
1 0.588816 0.16842742036044814 0.04523025 0.04565085299561617 0.65235
1 0.943668 0.32676375840233807 0.0394737 0.031715294203604485 0.662162
1 0.8647205 0.4505014573794447 0.04276315 0.04757296629322942 0.700761
0 0.1953125 0.21047442961519727 0.0386513 0.03459853911349245 0.252752
1 0.092311 0.23281904042864102 0.026726950000000003 0.030273696736483197 0.25662
0 0.0921055 0.2325791573307355 0.0230263 0.02979318090599123 0.271893
1 0.4282484999999999 0.1840448095470044 0.0341283 0.027871017632732586 0.275035
1 0.436472 0.43776766293229424 0.0489309 0.04805348212372138 0.275668
1 0.1106085 0.46611884656600094 0.02467105 0.027871017632732586 0.27795
0 0.2014805 0.21720165124208474 0.02467105 0.02402674106186069 0.279701
0 0.46854450000000003 0.1624208475401851 0.03001645 0.027871017632732586 0.283675
0 0.1282895 0.21071481246955676 0.0263158 0.027390501802240626 0.300822
1 0.4473685 0.42623478324403313 0.03042765 0.02402674106186069 0.318083
1 0.320518 0.1725119298587433 0.0497533 0.05285874037993181 0.331075
0 0.4276315 0.4444948845591817 0.02713815 0.031715294203604485 0.35347
1 0.42722050000000006 0.4449756502679006 0.0263158 0.03363745747686313 0.36783
0 0.4449015 0.16194008183146613 0.03289475 0.026909985971748658 0.416829
0 0.440995 0.1395954710180224 0.029194099999999997 0.025468338528981976 0.462067
1 0.307977 0.4420920555284949 0.046875 0.031715294203604485 0.506224
0 0.4144735 0.15208938236726743 0.03782895 0.030273696736483197 0.525661
1 0.120066 0.32652337554797856 0.04523025 0.04565085299561617 0.584764
1 0.1897615 0.45170287189478814 0.051398 0.05574183536288359 0.631337
1 0.2115545 0.3159520272771554 0.0390625 0.051417442766682905 0.635719
1 0.329153 0.301775935703848 0.0472862 0.04036492898197759 0.656876
1 0.4629935 0.2890416415002436 0.0493421 0.04180652644909888 0.678842
0 0.1946955 0.9041268923526548 0.04317435 0.03219586000974184 0.2807
0 0.306949 0.8837038451047248 0.0497533 0.03844281568436434 0.326981
0 0.1912005 0.9019644461763273 0.0263158 0.021143546127618117 0.331821
1 0.3061265 0.8822625474914759 0.0390625 0.0365206524111057 0.379392
0 0.1977795 0.8719310823185583 0.03536185 0.03507905494398442 0.493672
0 0.1928455 0.8457418451047248 0.02713815 0.027871017632732586 0.514643
0 0.209293 0.9058085728202631 0.027960549999999997 0.02979318090599123 0.527264
1 0.192023 0.6001885104724793 0.04276315 0.04805348212372138 0.539526
1 0.1064965 0.5951424695567463 0.0444079 0.04084549478811496 0.592708
1 0.326686 0.7491539152459815 0.03988485 0.04805348212372138 0.598362
1 0.11965450000000001 0.7388224500730638 0.0386513 0.031234778373112518 0.630231
1 0.2078535 0.7412252791037506 0.0448191 0.04853404792985874 0.662513
1 0.456209 0.7630896239649294 0.0464638 0.04517028718947881 0.673308
1 0.4366775 0.6047532859230395 0.053453999999999995 0.06679444909887969 0.70736
0 0.6909949999999999 0.9072503701899659 0.02508225 0.025948904335119337 0.301241
0 0.5692845 0.9233480253287871 0.03988485 0.030273696736483197 0.336344
0 0.704564 0.9226273765221626 0.0259046 0.020182464490988795 0.376076
0 0.843133 0.9026850949829518 0.04235195 0.04180652644909888 0.380919
0 0.8363484999999999 0.9005226488066244 0.0205592 0.024987822698490016 0.405091
0 0.8466285000000001 0.8798597184607891 0.0230263 0.02306565942523137 0.410274
0 0.5499589 0.9048475411592791 0.0316612 0.027871017632732586 0.433112
0 0.9580589999999999 0.8856259084266925 0.02220395 0.02402674106186069 0.441853
0 0.9292765000000001 0.8909118324403312 0.02960525 0.026909985971748658 0.450637
0 0.9535359999999999 0.8647225952264979 0.0254934 0.022585143594739406 0.452881
0 0.8546465 0.893314661471018 0.0234375 0.025948904335119337 0.506985
1 0.9393505000000001 0.7633300068192889 0.04070725 0.03315694164637116 0.562639
1 0.744038 0.7650116872868973 0.03824015 0.03940389732099367 0.603435
0 0.580181 0.8976395538236727 0.03207235 0.027871017632732586 0.605155
1 0.607936 0.7688563136872869 0.0505755 0.0490145637603507 0.631285
1 0.5834705 0.6083575294690697 0.04358555 0.04517028718947881 0.638244
1 0.7341695 0.6107598587433025 0.05550999999999999 0.05285874037993181 0.648614
1 0.9580589999999999 0.6153251339503166 0.04276315 0.04757296629322942 0.658258
1 0.8550575000000001 0.7626093580126645 0.0415296 0.04517028718947881 0.670322
1 0.8560854999999999 0.6112406244520214 0.0419408 0.04228709225523623 0.719309
