0 0.1207815 0.18044106575742816 0.030312499999999996 0.05333950608865076 0.254231
1 0.27375 0.4339230365319045 0.0525 0.0365206524111057 0.256062
1 0.316406 0.2546833852898198 0.0440625 0.05381977204091573 0.26687
1 0.2585935 0.46419678324403313 0.05281249999999999 0.06054749342425718 0.274127
1 0.1678125 0.3349327773989284 0.041875 0.06439162006819288 0.281887
1 0.2465625 0.20278567657087188 0.046875 0.06823574671212859 0.284795
0 0.2534375 0.4738075996103263 0.046875 0.051897708718947874 0.285628
1 0.423125 0.27390501802240624 0.035625 0.05093667705796395 0.290636
1 0.2057815 0.3246013122260107 0.0453125 0.049495129566488064 0.294396
1 0.1703125 0.06198879103750608 0.05499999999999999 0.05766439844130541 0.295069
1 0.26375 0.1321471008280565 0.05875 0.08457428446176327 0.295092
1 0.2634375 0.44305308718947883 0.05625 0.06343058840720897 0.305009
1 0.476406 0.47356721675596686 0.04718749999999999 0.05045641110569898 0.313582
1 0.313125 0.17948003409644422 0.05875 0.05622260107160253 0.319332
1 0.456094 0.2489171953239162 0.0659375 0.06727471505114467 0.320137
1 0.292969 0.3531933784705309 0.0403125 0.05093667705796395 0.339191
1 0.3621875 0.17539552459814906 0.027499999999999997 0.04517028718947881 0.340297
1 0.36875 0.30129566975158306 0.041875 0.0691972781295665 0.347132
1 0.311875 0.21311714174378957 0.049374999999999995 0.04180652644909888 0.350828
0 0.1701565 0.06102775937652216 0.05281249999999999 0.05093667705796395 0.356264
1 0.2814065 0.2325791573307355 0.0390625 0.05478080370189966 0.388154
1 0.480469 0.029312615099853872 0.0378125 0.05285874037993181 0.400837
1 0.270781 0.09947052508524111 0.0515625 0.04997564539698003 0.420755
1 0.2590625 0.1636222620555285 0.05125 0.06006672771553823 0.464231
1 0.17125 0.22344860691670726 0.03375 0.03844281568436434 0.481422
1 0.410156 0.10571748075986362 0.0346875 0.04228709225523623 0.487084
1 0.322656 0.2755866984900146 0.0603125 0.06295032245494397 0.515357
1 0.2470315 0.3767394037993181 0.05656250000000001 0.06343058840720897 0.532301
1 0.3225 0.46948270725767166 0.064375 0.05766439844130541 0.540591
1 0.3434375 0.137913790550414 0.04375 0.05381977204091573 0.546455
1 0.428281 0.16674573989283975 0.0403125 0.04613136882610814 0.552617
1 0.2475 0.2876003438869947 0.04375 0.05718363273258646 0.568314
1 0.4592185 0.4178253813930833 0.0434375 0.055261569410618605 0.606217
1 0.2064065 0.0980292274719922 0.0671875 0.09226253774963468 0.641779
1 0.287969 0.06415123721383342 0.057187499999999995 0.06775548075986361 0.642193
1 0.4617185 0.30922430589381394 0.0515625 0.07352167072576717 0.704732
1 0.4326565 0.05333950608865076 0.08218749999999998 0.08745737944471504 0.728563
0 0.7798435 0.02330594232830005 0.0446875 0.0466118846566001 0.253234
1 0.6337499999999999 0.2376246984900146 0.049374999999999995 0.04757296629322942 0.255756
1 0.793906 0.09250292060399416 0.0534375 0.06679444909887969 0.258975
1 0.9415625000000001 0.35511544179249876 0.0375 0.051897708718947874 0.25985
1 0.8759374999999999 0.13671237603507064 0.043125 0.04853404792985874 0.261084
1 0.8234375 0.05045641110569898 0.06875 0.07496346809547004 0.262127
1 0.51578125 0.2244096385776912 0.0296875 0.04613136882610814 0.268976
1 0.8834374999999999 0.3779408183146615 0.028125 0.03700121821724306 0.269553
1 0.9178124999999999 0.33301071407696053 0.048125 0.05285874037993181 0.272695
1 0.9870315 0.265255233317097 0.0259375 0.05478080370189966 0.274933
1 0.51359375 0.031715294203604485 0.027187500000000003 0.06343058840720897 0.275833
1 0.9634375 0.3539140272771554 0.05 0.06102775937652216 0.284767
1 0.51671875 0.37049244812469556 0.0334375 0.04709245046273746 0.286364
0 0.50984375 0.2561251826595226 0.0190625 0.05862543010228933 0.287243
0 0.659375 0.4598718908913785 0.028125 0.03940389732099367 0.293257
0 0.8790625000000001 0.14031611982464684 0.04375 0.0490145637603507 0.302214
0 0.8326565000000001 0.05117705991232343 0.0553125 0.08505455041402826 0.309544
1 0.52203125 0.11580906283487578 0.0346875 0.06343058840720897 0.311892
1 0.8198435 0.4711643877252801 0.0365625 0.04565085299561617 0.321265
1 0.7865625 0.3789018499756454 0.034375 0.0466118846566001 0.321276
0 0.9496875 0.22224769215781784 0.0325 0.04757296629322942 0.322882
1 0.9764059999999999 0.35823891962981 0.0284375 0.06006672771553823 0.323522
1 0.8607815 0.20062323039454458 0.0540625 0.06391135411592791 0.326438
1 0.51015625 0.25828762883585 0.0203125 0.06967754408183145 0.333053
1 0.89625 0.377700435460302 0.026875 0.04613136882610814 0.335235
0 0.8071875 0.4360854827082319 0.031875 0.04180652644909888 0.335714
0 0.8798435 0.48317803312226015 0.024687499999999998 0.03315694164637116 0.336706
1 0.6240625000000001 0.47164515343399904 0.050625 0.05622260107160253 0.337485
1 0.8334375 0.2633331699951291 0.044375000000000005 0.05478080370189966 0.341496
1 0.6845315000000001 0.32652337554797856 0.0615625 0.06391135411592791 0.34624
1 0.8073440000000001 0.15401144568923528 0.0515625 0.049495129566488064 0.351927
1 0.779219 0.48678177691183633 0.0640625 0.025948904335119337 0.353431
1 0.554375 0.16578470823185582 0.035625 0.04036492898197759 0.357014
1 0.9217184999999999 0.3214778343886994 0.0296875 0.04036492898197759 0.362263
1 0.5121875 0.4730869508037019 0.024375000000000004 0.04084549478811496 0.363628
1 0.9059375000000001 0.1910129137847053 0.045625 0.06679444909887969 0.376897
1 0.6284375 0.32123745153434 0.039375 0.054300537749634684 0.390463
1 0.72875 0.12926400584510472 0.045625 0.08169118947881149 0.397498
1 0.5915625 0.07496346809547004 0.055625 0.04420920555284949 0.401711
1 0.6579685000000001 0.27150218899171946 0.0459375 0.04709245046273746 0.405511
0 0.9046875 0.18861008475401853 0.04375 0.06775548075986361 0.417391
1 0.5964065000000001 0.17443399318071118 0.0490625 0.06535265172917681 0.418246
1 0.5178125 0.3320496824159766 0.035625 0.05285874037993181 0.418317
0 0.601875 0.12565976229907452 0.0875 0.06679444909887969 0.41863
1 0.9489060000000001 0.289282024354603 0.0459375 0.04613136882610814 0.418764
1 0.53328125 0.4043704383828544 0.0396875 0.04180652644909888 0.422007
0 0.911406 0.1393550881636629 0.0371875 0.04132601061860691 0.423784
1 0.9145315 0.2580472459814905 0.0359375 0.0365206524111057 0.433253
1 0.916719 0.35751827082318566 0.0346875 0.05285874037993181 0.459092
1 0.94875 0.22248757525572332 0.035625 0.04805348212372138 0.463715
1 0.7735940000000001 0.45290428641013153 0.0396875 0.05622260107160253 0.483022
1 0.7509374999999999 0.31811397369702876 0.04499999999999999 0.06631368339016075 0.485523
1 0.8439065000000001 0.3899539639551875 0.0365625 0.034117973307355096 0.486628
1 0.54109375 0.35919995129079396 0.0509375 0.03988441315148563 0.487356
1 0.8278125000000001 0.24771578080857282 0.043125 0.051417442766682905 0.496178
1 0.5175 0.1648236765708719 0.035 0.04420920555284949 0.503056
1 0.5928125000000001 0.2621317554797857 0.043125 0.07352167072576717 0.506561
1 0.8075000000000001 0.11580906283487578 0.055625 0.07976862640038968 0.507604
0 0.730625 0.1393550881636629 0.04499999999999999 0.08169118947881149 0.51082
1 0.796094 0.3140294641987335 0.0590625 0.06679444909887969 0.513143
0 0.6457809999999999 0.1910129137847053 0.0653125 0.10619824646858257 0.526594
1 0.6551565 0.08841841110569898 0.052187500000000005 0.08169118947881149 0.531307
1 0.594219 0.12493911349245007 0.0746875 0.05958646176327326 0.53207
1 0.7476565 0.47476863127131025 0.0440625 0.04997564539698003 0.540679
1 0.7018749999999999 0.09346395226497808 0.05125 0.08121042377009255 0.556237
1 0.53484375 0.46611884656600094 0.0321875 0.051897708718947874 0.560081
1 0.52265625 0.04300789098879688 0.04093750000000001 0.07256063906478323 0.570715
0 0.681719 0.46635922942036045 0.0440625 0.06679444909887969 0.582375
1 0.734375 0.037241451144666336 0.06062499999999999 0.055261569410618605 0.59509
1 0.8717190000000001 0.24170920798830978 0.0540625 0.05285874037993181 0.602387
1 0.5415625 0.2847172489040428 0.05 0.075444233804189 0.605154
1 0.758906 0.08433390160740381 0.0678125 0.07159960740379932 0.629087
1 0.6428125 0.18836970189965904 0.065625 0.09610716415002435 0.644148
1 0.7379684999999999 0.20302605942523136 0.0696875 0.06583341743789575 0.660403
1 0.5828125 0.4726061850949829 0.044375000000000005 0.054300537749634684 0.684486
1 0.7634375 0.3536736444227959 0.05375 0.05574183536288359 0.705052
1 0.4696875 0.7066266400389672 0.041875 0.08601558207501218 0.255767
1 0.28125 0.926711886020458 0.045625 0.03507905494398442 0.281096
1 0.21140599999999998 0.7003796843643448 0.0440625 0.06102775937652216 0.282218
1 0.2682815 0.7272895703848028 0.0478125 0.051417442766682905 0.285943
1 0.313281 0.8887493862640039 0.0434375 0.051417442766682905 0.289128
1 0.145469 0.7806290764734536 0.0578125 0.06102775937652216 0.290095
1 0.4592185 0.9665964490988798 0.0440625 0.051417442766682905 0.300767
0 0.333594 0.5970650326351681 0.0340625 0.0466118846566001 0.304919
1 0.3659375 0.9550635694106185 0.051875 0.06198879103750608 0.306291
1 0.490625 0.7414656619581101 0.01875 0.05574183536288359 0.31246
1 0.1275 0.5319523139795421 0.05499999999999999 0.05670336678032148 0.322428
1 0.477969 0.523302679201169 0.0440625 0.04709245046273746 0.323199
1 0.131094 0.8897104179249878 0.0346875 0.049495129566488064 0.324519
1 0.1389065 0.7388224500730638 0.0446875 0.05814466439357039 0.325053
1 0.37125 0.7071074057476863 0.044375000000000005 0.0427676080857282 0.340636
1 0.3114065 0.8680864559181685 0.0421875 0.05814466439357039 0.34293
1 0.135469 0.691009250852411 0.057187499999999995 0.04420920555284949 0.352079
1 0.33859399999999995 0.8310854875791526 0.0484375 0.051417442766682905 0.364213
1 0.4598439999999999 0.7311341967851923 0.0421875 0.05814466439357039 0.374793
1 0.273594 0.5819279094008768 0.0209375 0.03555957077447638 0.378554
1 0.3314059999999999 0.5165751577204092 0.0615625 0.03363745747686313 0.381224
1 0.4732815000000001 0.680437402825134 0.0440625 0.05381977204091573 0.382378
1 0.161094 0.7789473960058452 0.04718749999999999 0.04805348212372138 0.389835
1 0.3039065 0.7503553297613249 0.0503125 0.051417442766682905 0.39296
1 0.2885935 0.7904802756941062 0.0446875 0.04709245046273746 0.396827
1 0.4778125 0.7892788611787628 0.030000000000000002 0.05045641110569898 0.398307
1 0.47921899999999995 0.8171497788602045 0.041562499999999995 0.04757296629322942 0.412224
1 0.106406 0.9089320506575742 0.0334375 0.04084549478811496 0.413951
1 0.3528125 0.9144583575255724 0.053125 0.06727471505114467 0.416736
1 0.483125 0.8707296678032148 0.03375 0.03555957077447638 0.454214
0 0.20875000000000002 0.5245039937652216 0.048125 0.049495129566488064 0.472798
1 0.3796875 0.8937954271797369 0.04125 0.04997564539698003 0.4758
0 0.2910935 0.7940840194836825 0.0509375 0.04853404792985874 0.478791
1 0.231875 0.8226760857282027 0.0525 0.03940389732099367 0.479187
1 0.337344 0.7323356113005357 0.0603125 0.04420920555284949 0.48607
1 0.2467185 0.6982172381880176 0.0390625 0.04709245046273746 0.503236
1 0.1903125 0.7366600038967365 0.0375 0.04228709225523623 0.507536
1 0.363125 0.5458878227959084 0.05125 0.061508525085241114 0.519034
1 0.4745315 0.5684729663906478 0.04093750000000001 0.05381977204091573 0.523448
1 0.2309375 0.9012432976132488 0.05875 0.07640526546517291 0.546324
1 0.2928125 0.5350757918168534 0.05125 0.05910569605455431 0.595397
1 0.4854685000000001 0.6227735041402825 0.0290625 0.04036492898197759 0.619509
1 0.192344 0.8683268387725281 0.04718749999999999 0.06727471505114467 0.649414
0 0.8096874999999999 0.8748141773015099 0.031875 0.04468977135898685 0.253379
1 0.7690625 0.6847622951777886 0.044375000000000005 0.05285874037993181 0.255673
1 0.791406 0.6888468046760838 0.0459375 0.05622260107160253 0.257413
1 0.6376565 0.5396408671212859 0.0334375 0.04709245046273746 0.257835
1 0.7890625 0.7457905543107648 0.03625 0.03459853911349245 0.260836
1 0.6665625 0.5696743809059912 0.035625 0.05237847442766683 0.262879
0 0.6334375 0.5098476862152947 0.028125 0.017299269556746225 0.280109
1 0.9315625 0.8200328738431564 0.035 0.04372868972235752 0.284679
1 0.594375 0.7887980954700438 0.039375 0.0389233315148563 0.286059
1 0.8856250000000001 0.9476151992206527 0.045625 0.04709245046273746 0.29153
0 0.6965625000000001 0.8690474875791525 0.040625 0.054300537749634684 0.294821
0 0.53328125 0.524984559571359 0.041562499999999995 0.05045641110569898 0.300048
1 0.8904684999999999 0.5326731127131028 0.0490625 0.05718363273258646 0.302812
0 0.8304685 0.5425240620555285 0.0328125 0.05478080370189966 0.307226
0 0.8956249999999999 0.5314717481734048 0.040625 0.061508525085241114 0.308028
1 0.609375 0.7356989722357526 0.04 0.04324817389186557 0.311763
1 0.7471874999999999 0.7068670228933269 0.025625 0.05285874037993181 0.313023
1 0.8434375000000001 0.8565535762299075 0.0325 0.06006672771553823 0.316834
1 0.7385940000000001 0.6713073521675597 0.0315625 0.04709245046273746 0.31736
1 0.6271875 0.7385825669751582 0.02875 0.04132601061860691 0.321472
1 0.51625 0.7546802221139794 0.030625 0.05814466439357039 0.325023
1 0.64 0.709510234778373 0.0475 0.03796224987822698 0.333687
1 0.53453125 0.5264261570384803 0.0328125 0.05237847442766683 0.336169
1 0.596719 0.8149873326838774 0.0353125 0.05285874037993181 0.340977
1 0.5259375 0.5682325835362884 0.0375 0.04372868972235752 0.342204
1 0.7325 0.9661156833901607 0.05125 0.054300537749634684 0.357025
1 0.7690625 0.7263285387238188 0.034375 0.049495129566488064 0.369222
1 0.9215625000000001 0.6806777856794934 0.04499999999999999 0.03988441315148563 0.379648
1 0.8403125 0.9223869936678032 0.038125 0.04757296629322942 0.381759
0 0.6839065000000001 0.5509335138821236 0.0278125 0.0427676080857282 0.386829
1 0.599375 0.7037435450560156 0.04499999999999999 0.05237847442766683 0.392402
1 0.797344 0.9641936200681929 0.0396875 0.0427676080857282 0.402887
1 0.6701564999999999 0.8125850034096445 0.0446875 0.06535265172917681 0.404368
1 0.760156 0.9209451962981003 0.0315625 0.05910569605455431 0.404797
1 0.51734375 0.7224844120798831 0.0346875 0.06775548075986361 0.407966
1 0.8182815 0.7729408231855821 0.0428125 0.04565085299561617 0.412548
1 0.706875 0.7916816902094496 0.049374999999999995 0.06198879103750608 0.422065
1 0.7073440000000001 0.7361797379444714 0.0453125 0.05766439844130541 0.429292
1 0.6984375 0.86280053190453 0.041875 0.05237847442766683 0.433998
1 0.58375 0.7352187062834876 0.039375 0.04517028718947881 0.437596
1 0.751875 0.7686159308329275 0.035 0.054300537749634684 0.444866
1 0.6876565000000001 0.7546802221139794 0.041562499999999995 0.04565085299561617 0.4491
1 0.822656 0.8116234719922065 0.041562499999999995 0.04517028718947881 0.453259
1 0.8700000000000001 0.8034544529956161 0.03875 0.06054749342425718 0.458378
1 0.8989065 0.7167182221139795 0.0453125 0.05237847442766683 0.458596
1 0.865625 0.8973991709693132 0.053125 0.03796224987822698 0.464479
1 0.7896875 0.7808694593278129 0.04 0.051897708718947874 0.484849
1 0.9253125 0.8572747247929859 0.0425 0.051897708718947874 0.496157
1 0.8431250000000001 0.7433877252800779 0.034375 0.04420920555284949 0.514278
0 0.9609375 0.823877500243546 0.04125 0.06295032245494397 0.536905
1 0.6359375 0.7529985416463713 0.0425 0.06823574671212859 0.548122
1 0.7823435 0.849345588894301 0.04656250000000001 0.05814466439357039 0.549765
1 0.7307815000000001 0.59610350121773 0.0390625 0.055261569410618605 0.569366
1 0.6209375 0.9005226488066244 0.033125 0.051897708718947874 0.5894
1 0.6365625 0.9533813891865562 0.048125 0.06054749342425718 0.601552
1 0.859375 0.6996590355577205 0.0375 0.04420920555284949 0.613533
1 0.7195315 0.6568913774963467 0.0384375 0.05285874037993181 0.655624
1 0.7420309999999999 0.8491052060399416 0.0446875 0.04709245046273746 0.678639
