0 0.4859375 0.3869485 0.028125 0.060662 0.25042
1 0.321745 0.3630515 0.04296875 0.060662 0.269895
1 0.221875 0.28148 0.03645835 0.051011 0.272808
1 0.4333335 0.18727 0.04166665 0.051011 0.278886
1 0.2472655 0.3005515 0.04609375 0.059742500000000004 0.27918
1 0.4828125 0.0225184 0.034375 0.04503675 0.281725
1 0.3079425 0.136719 0.03671875 0.066636 0.289537
1 0.229948 0.340763 0.0234375 0.04733455 0.293316
1 0.483594 0.388327 0.028125 0.070772 0.306692
1 0.158854 0.387638 0.04479165 0.0491728 0.314549
1 0.2134115 0.2350645 0.03828125 0.04641545 0.33256
1 0.4458335 0.133272 0.03645835 0.055147 0.335199
1 0.4867185 0.0590535 0.0265625 0.0546875 0.340871
1 0.34348949999999995 0.185202 0.0421875 0.0670955 0.348994
1 0.1572915 0.3005515 0.0515625 0.04871325 0.35895
1 0.236849 0.174173 0.0388021 0.086397 0.367464
1 0.478776 0.4482995 0.0424479 0.0528495 0.369624
0 0.21523449999999997 0.232077 0.0268229 0.046875 0.371413
1 0.2708335 0.319623 0.04166665 0.058364 0.378155
1 0.453125 0.3026195 0.03125 0.0390625 0.385301
1 0.333073 0.113511 0.04895835 0.0680145 0.385398
1 0.2479165 0.4443935 0.03385415 0.060662 0.387575
1 0.269271 0.4170495 0.04427085 0.0445772 0.395513
1 0.3841145 0.483456 0.03489585 0.03308825 0.396529
1 0.4239585 0.263557 0.0328125 0.0556065 0.414199
1 0.327604 0.2527575 0.05 0.0579045 0.419714
1 0.297005 0.199908 0.0502605 0.0744485 0.445854
1 0.3009115 0.4409465 0.03671875 0.0546875 0.455552
1 0.4410155 0.4232535 0.0481771 0.0735295 0.466032
1 0.4460935 0.0255055 0.0390625 0.0454963 0.469382
1 0.3841145 0.3214615 0.0453125 0.0638785 0.478962
1 0.184375 0.417509 0.04375 0.06020199999999999 0.483371
1 0.1772135 0.2596505 0.0497396 0.079963 0.497317
1 0.1235675 0.414522 0.03515625 0.059742500000000004 0.498735
1 0.3677085 0.08318 0.0390625 0.068934 0.501803
1 0.285677 0.113281 0.04322915 0.0546875 0.501886
1 0.255729 0.04986215 0.046875 0.0721505 0.515746
1 0.1951825 0.0880055 0.0393229 0.0537685 0.51956
1 0.4333335 0.1017925 0.04583335 0.0721505 0.520118
1 0.196094 0.1994485 0.0390625 0.0404412 0.522417
1 0.165625 0.1286765 0.0359375 0.03125 0.531368
1 0.452344 0.234375 0.0604165 0.0579045 0.531801
1 0.158854 0.4558825 0.053646 0.0588235 0.554962
1 0.3889325 0.1900275 0.0434896 0.0684745 0.56224
1 0.410677 0.4441635 0.04114585 0.0528495 0.574047
1 0.3570315 0.0298713 0.066146 0.053309 0.581442
1 0.2016925 0.1557905 0.0388021 0.054228 0.585348
1 0.4802085 0.1555605 0.03958335 0.066636 0.607402
1 0.3552085 0.295037 0.04791665 0.070772 0.616094
1 0.127604 0.280331 0.03333335 0.055147 0.647145
1 0.2803385 0.26057 0.0533855 0.0505515 0.654113
1 0.366146 0.4138325 0.0484375 0.065717 0.687251
1 0.6092449999999999 0.2952665 0.0497396 0.03722425 0.251308
1 0.6071615 0.265855 0.03046875 0.0491728 0.258558
1 0.5527345 0.3713235 0.0502605 0.056066 0.258687
0 0.688151 0.14591 0.0174479 0.03722425 0.268806
1 0.566797 0.403952 0.0434896 0.061581000000000004 0.272242
1 0.584375 0.152344 0.02552085 0.04273895 0.281789
1 0.686849 0.1465995 0.024739600000000004 0.02941175 0.318518
1 0.7053385 0.2757355 0.024739600000000004 0.04319855 0.323675
1 0.6891925000000001 0.1486675 0.03359375 0.04733455 0.330207
1 0.5523435 0.420726 0.04583335 0.074908 0.348782
1 0.5673175 0.253217 0.02265625 0.03860295 0.353877
1 0.5764324999999999 0.1879595 0.03671875 0.060662 0.357432
1 0.51497395 0.372013 0.029947899999999996 0.07307 0.36243
1 0.646224 0.276884 0.0486979 0.04273895 0.367959
1 0.6760415 0.2015165 0.04114585 0.06020199999999999 0.369441
1 0.521875 0.282399 0.03489585 0.0767465 0.401371
1 0.6860675 0.2201285 0.0278646 0.0367647 0.421434
1 0.5419271 0.120864 0.03958335 0.055147 0.423267
1 0.6265625 0.238281 0.0453125 0.0546875 0.447214
1 0.5200521 0.4524355 0.04010415 0.0629595 0.455911
1 0.6067710000000001 0.3609835 0.04427085 0.0712315 0.456326
1 0.5376302000000001 0.1902575 0.0341146 0.0579045 0.474447
1 0.5746095 0.329963 0.03671875 0.0514705 0.489549
1 0.5902345 0.2486215 0.0361979 0.055147 0.492798
1 0.6299480000000001 0.181296 0.04166665 0.0546875 0.502328
1 0.683594 0.2984835 0.04635415 0.051011 0.503927
1 0.7059894999999999 0.165441 0.03229165 0.0367647 0.50941
1 0.6266925000000001 0.3933825 0.03984375 0.059742500000000004 0.516351
1 0.553125 0.4701285 0.0390625 0.059742500000000004 0.530376
1 0.6416664999999999 0.454963 0.04479165 0.0569855 0.532874
1 0.5984375 0.4368105 0.04166665 0.059282999999999995 0.552899
1 0.54778645 0.067555 0.03828125 0.0652575 0.564588
1 0.5910154999999999 0.0505515 0.0408854 0.0514705 0.570367
1 0.664323 0.0411305 0.05 0.064798 0.62779
1 0.672526 0.076057 0.050781 0.064798 0.646279
1 0.2640625 0.588465 0.03697915 0.04641545 0.252544
1 0.42942699999999995 0.7566635 0.02708335 0.0344669 0.260173
1 0.4160155 0.6925549999999999 0.02109375 0.03492645 0.261954
1 0.2833335 0.7550549999999999 0.052604 0.0579045 0.262461
1 0.4434895 0.8644299999999999 0.04114585 0.0744485 0.263744
1 0.23893250000000002 0.6254595000000001 0.0434896 0.064338 0.266833
1 0.31263 0.8462775000000001 0.0434896 0.064798 0.271285
1 0.4552085 0.857307 0.02239585 0.0399816 0.275733
1 0.297396 0.6973805 0.03697915 0.0684745 0.276638
1 0.133854 0.6256895 0.025 0.050092 0.28972
0 0.2828125 0.747932 0.0546875 0.057445 0.290295
1 0.2783855 0.923713 0.021875 0.04319855 0.294206
1 0.240104 0.5574450000000001 0.0546875 0.060662 0.299443
1 0.355599 0.7516085000000001 0.0408854 0.0528495 0.303835
0 0.465755 0.568704 0.0377604 0.0528495 0.305931
1 0.465755 0.571002 0.0341146 0.0454963 0.309333
1 0.1875 0.564338 0.04375 0.056066 0.319962
1 0.185547 0.8118105 0.0424479 0.0537685 0.320161
1 0.180599 0.6192555 0.04765625 0.0445772 0.326101
1 0.1847655 0.745634 0.03671875 0.06020199999999999 0.327376
1 0.32057300000000005 0.6654410000000001 0.04635415 0.0661765 0.340959
1 0.2316405 0.6043200000000001 0.054427 0.04411765 0.342416
1 0.440495 0.741498 0.0325521 0.04273895 0.36087
1 0.358854 0.8014705 0.04166665 0.059742500000000004 0.365713
1 0.250521 0.7614890000000001 0.03958335 0.0661765 0.372016
0 0.469401 0.9296875 0.0403646 0.0459559 0.39949
1 0.4733075 0.6119025 0.0216146 0.065717 0.406193
0 0.134245 0.62523 0.02421875 0.0454963 0.40715
1 0.4408855 0.7904410000000001 0.020833350000000004 0.0413603 0.408817
1 0.233724 0.690487 0.0330729 0.04273895 0.411624
1 0.285677 0.684513 0.0515625 0.075827 0.420311
1 0.459896 0.894991 0.0328125 0.04733455 0.421296
1 0.480599 0.8432904999999999 0.0278646 0.0404412 0.430743
1 0.4110675 0.7552849999999999 0.0388021 0.0556065 0.454857
1 0.425521 0.6128215 0.03489585 0.0629595 0.462698
1 0.146875 0.7155330000000001 0.04270835 0.0514705 0.469573
1 0.204297 0.871094 0.051823 0.06112150000000001 0.484922
1 0.364974 0.6079964999999999 0.0481771 0.0670955 0.490697
1 0.377604 0.9156710000000001 0.02395835 0.0565255 0.495806
1 0.416406 0.5732995 0.04166665 0.0565255 0.496807
1 0.3339845 0.6066174999999999 0.0596355 0.079044 0.501495
1 0.3664065 0.8559285 0.0552085 0.0693935 0.513324
1 0.28112 0.8933825000000001 0.0372396 0.03952205 0.517433
1 0.1552085 0.650965 0.0541665 0.057445 0.529028
1 0.23138 0.824908 0.054427 0.079963 0.532727
1 0.365495 0.6829044999999999 0.0330729 0.046875 0.567729
1 0.3454425 0.908318 0.0341146 0.0528495 0.594516
0 0.6805990000000001 0.9057904999999999 0.0190104 0.0367647 0.257669
0 0.7292970000000001 0.7077205000000001 0.0184896 0.03952205 0.258628
0 0.697396 0.7876839999999999 0.0265625 0.0367647 0.26015
1 0.5976560000000001 0.607307 0.02239585 0.0344669 0.261847
1 0.661979 0.655101 0.0203125 0.03722425 0.273452
1 0.5204427 0.6390164999999999 0.02265625 0.0390625 0.275804
1 0.558724 0.5287224500000001 0.02578125 0.0482537 0.282186
1 0.51171875 0.599954 0.02291665 0.0565255 0.289925
1 0.52903645 0.766774 0.0309896 0.0684745 0.299542
1 0.6540365 0.859375 0.0263021 0.04871325 0.303639
1 0.704948 0.7093289999999999 0.03177085 0.0344669 0.312466
0 0.5527345 0.7973345000000001 0.03046875 0.0413603 0.31647
0 0.6916665 0.8019299999999999 0.028125 0.04411765 0.318964
0 0.5355468999999999 0.6511950000000001 0.01953125 0.046875 0.322864
1 0.7283855 0.7072609999999999 0.02135415 0.0358456 0.335142
1 0.5235677 0.7155330000000001 0.0372396 0.0459559 0.340147
1 0.605078 0.6760109999999999 0.0315104 0.0404412 0.340868
0 0.674349 0.7619484999999999 0.0216146 0.0367647 0.348013
1 0.5421875 0.6066174999999999 0.01927085 0.0422794 0.369777
1 0.648698 0.585248 0.03125 0.04733455 0.381322
1 0.5360677 0.6516544999999999 0.02109375 0.0413603 0.393661
1 0.579427 0.5978859999999999 0.02239585 0.0413603 0.395442
1 0.5795575 0.6410845000000001 0.0263021 0.04503675 0.395899
1 0.53997395 0.8363970000000001 0.0263021 0.0404412 0.400067
1 0.5523435 0.798713 0.03072915 0.04503675 0.405336
1 0.53216145 0.5197610500000001 0.0419271 0.03952205 0.41422
1 0.6097655 0.7127755 0.0403646 0.04411765 0.419213
1 0.6145835000000001 0.6043200000000001 0.02552085 0.0505515 0.427705
1 0.5958335 0.8239890000000001 0.03072915 0.04503675 0.430777
0 0.7091145 0.831112 0.03541665 0.051011 0.451053
0 0.6903644999999999 0.904182 0.02395835 0.03722425 0.454547
1 0.51783855 0.8191635 0.0356771 0.04090075 0.462882
1 0.6082029999999999 0.7589615 0.03203125 0.050092 0.468767
1 0.5299479 0.560432 0.04375 0.04641545 0.472087
1 0.6302085000000001 0.8681065 0.0390625 0.069853 0.492202
0 0.6769529999999999 0.876838 0.02734375 0.0367647 0.50441
1 0.6454425 0.733226 0.0408854 0.051011 0.631338
