0 0.50690105 0.0997245 0.01171875 0.0422794 0.26036
1 0.5565105 0.1649815 0.04010415 0.0422794 0.263657
0 0.746094 0.259421 0.02135415 0.03170955 0.26617
0 0.6104164999999999 0.246783 0.0265625 0.0459559 0.268171
0 0.574479 0.0912225 0.02395835 0.04273895 0.26988
1 0.6178385 0.1964615 0.0424479 0.0445772 0.287248
1 0.5720050000000001 0.283088 0.03203125 0.0523895 0.292539
1 0.7558595 0.235294 0.03046875 0.04963235 0.294683
0 0.7558595 0.231158 0.0294271 0.055147 0.302549
1 0.6455730000000001 0.412454 0.03489585 0.03538605 0.30397
1 0.6649740000000001 0.392463 0.03515625 0.04319855 0.307315
1 0.5932289999999999 0.2745865 0.04479165 0.0445772 0.308797
1 0.5691404999999999 0.3722425 0.03046875 0.0459559 0.310235
1 0.684505 0.441866 0.0330729 0.0381434 0.327941
1 0.58125 0.236213 0.0375 0.055147 0.337945
0 0.7420574999999999 0.404182 0.0278646 0.04090075 0.342209
1 0.6278644999999999 0.258502 0.03802085 0.0491728 0.342686
1 0.7236980000000001 0.274127 0.03645835 0.04090075 0.353879
1 0.6358075 0.155331 0.04140625 0.0625 0.37133
1 0.5157552 0.157399 0.0315104 0.058364 0.371735
0 0.6921875 0.401195 0.028125 0.04319855 0.384451
1 0.5091146 0.0997245 0.018229149999999996 0.04963235 0.385404
1 0.5106771 0.2888325 0.02135415 0.0712315 0.395503
1 0.564453 0.04181985 0.0466146 0.059742500000000004 0.427345
1 0.6516925 0.2807905 0.0481771 0.063419 0.468139
1 0.6522135 0.3182445 0.0263021 0.0344669 0.496053
0 0.7348960000000001 0.366728 0.02760415 0.04319855 0.547116
1 0.5394531499999999 0.4211855 0.0268229 0.0445772 0.642824
1 0.166927 0.462316 0.03958335 0.046875 0.255816
0 0.388151 0.152114 0.0388021 0.0523895 0.264525
1 0.333854 0.470588 0.0328125 0.04411765 0.2697
1 0.403125 0.1891085 0.053125 0.0482537 0.276674
1 0.474349 0.095588 0.03515625 0.046875 0.277178
1 0.2760415 0.419807 0.03958335 0.04641545 0.28383
1 0.2183595 0.1888785 0.0403646 0.0477941 0.290664
0 0.195052 0.2975645 0.026041649999999996 0.050092 0.294096
1 0.4625 0.2826285 0.0328125 0.03860295 0.294546
1 0.2852865 0.244715 0.0403646 0.0565255 0.300729
1 0.4859375 0.1502755 0.028125 0.0625 0.302744
1 0.4696615 0.256434 0.0283854 0.03860295 0.302789
1 0.296094 0.3913145 0.03489585 0.0454963 0.305841
1 0.196875 0.359605 0.04739585 0.04641545 0.324964
0 0.357422 0.0680145 0.0315104 0.0376838 0.326928
0 0.3414065 0.02757355 0.03229165 0.046875 0.327996
0 0.4458335 0.0965075 0.026041649999999996 0.0477941 0.329381
1 0.4803385 0.3669575 0.0263021 0.0445772 0.337105
0 0.3584635 0.176241 0.054948 0.0693935 0.340889
1 0.3076825 0.286305 0.0388021 0.0404412 0.347826
1 0.443099 0.4515165 0.029947899999999996 0.04273895 0.348292
0 0.472656 0.472656 0.04166665 0.0445772 0.351594
0 0.4752605 0.0243566 0.034375 0.0358456 0.3557
1 0.3552085 0.174173 0.04427085 0.0680145 0.357639
1 0.4597655 0.1493565 0.04296875 0.046875 0.357844
0 0.473047 0.221737 0.0325521 0.0482537 0.358928
1 0.15247400000000003 0.2943475 0.03984375 0.0436581 0.361801
1 0.3722655 0.446002 0.0471354 0.0546875 0.385603
1 0.2339845 0.1192555 0.0408854 0.0491728 0.391581
1 0.217448 0.4273895 0.04270835 0.0514705 0.401214
0 0.1045575 0.3890165 0.0424479 0.04641545 0.404652
1 0.2351565 0.328125 0.04114585 0.053309 0.412701
1 0.1802085 0.20818 0.026041649999999996 0.04963235 0.435014
0 0.473698 0.0985755 0.04427085 0.05193 0.447034
0 0.36692699999999995 0.03607535 0.03697915 0.0445772 0.460771
0 0.3645835 0.3972885 0.0375 0.0445772 0.483293
0 0.4415365 0.0528495 0.02890625 0.04503675 0.500914
1 0.182422 0.428309 0.03203125 0.0514705 0.558076
1 0.2954425 0.172794 0.0356771 0.03952205 0.577984
1 0.3920575 0.267463 0.0268229 0.056066 0.590366
1 0.4733075 0.53975185 0.0294271 0.0436581 0.264649
1 0.271745 0.5629595000000001 0.0393229 0.054228 0.277047
0 0.230729 0.6482075 0.03802085 0.03722425 0.307385
0 0.44362 0.59375 0.0325521 0.0459559 0.314365
0 0.447526 0.7155330000000001 0.0325521 0.0670955 0.314882
1 0.17617199999999997 0.7559745 0.0497396 0.04411765 0.319556
1 0.2522135 0.625 0.03828125 0.0358456 0.330839
0 0.396354 0.7249539999999999 0.02760415 0.0482537 0.336977
1 0.4597655 0.888327 0.0393229 0.03952205 0.340201
1 0.3816405 0.8809745 0.0466146 0.046875 0.350703
1 0.251302 0.599954 0.03229165 0.0289522 0.352807
0 0.474349 0.609605 0.02578125 0.0454963 0.358512
0 0.296094 0.9034924999999999 0.02552085 0.03125 0.366465
1 0.390755 0.6135109999999999 0.0236979 0.0404412 0.375647
1 0.4621095 0.8354779999999999 0.0283854 0.0523895 0.386447
0 0.1472655 0.7270220000000001 0.0268229 0.0358456 0.402551
1 0.2309895 0.717601 0.04739585 0.0546875 0.412229
0 0.2984375 0.8651195 0.03020835 0.0344669 0.416726
1 0.1714845 0.564568 0.0434896 0.08318 0.417166
0 0.2403645 0.8228400000000001 0.02552085 0.0344669 0.436282
1 0.1884115 0.8253674999999999 0.0341146 0.04871325 0.439371
0 0.466927 0.7550549999999999 0.021875 0.03952205 0.448931
0 0.272526 0.9664520000000001 0.0252604 0.03952205 0.450044
0 0.2440105 0.779412 0.0328125 0.0459559 0.486739
0 0.364844 0.71875 0.0375 0.054228 0.529956
0 0.371875 0.783318 0.03385415 0.04090075 0.540761
0 0.285677 0.9361214999999999 0.02291665 0.03400735 0.617812
0 0.6996094999999999 0.606158 0.01796875 0.03308825 0.254074
0 0.5455729 0.5482537000000001 0.02760415 0.046875 0.25529
1 0.575 0.5861675 0.03229165 0.03630515 0.255991
0 0.6714845 0.71898 0.0252604 0.0344669 0.259049
0 0.5061198 0.8857995 0.0080729 0.064798 0.272491
1 0.5114583500000001 0.7610295 0.02291665 0.0514705 0.272558
0 0.50690105 0.811351 0.0096354 0.04641545 0.278122
1 0.5579425 0.5974265000000001 0.02109375 0.04411765 0.286474
0 0.5977865 0.841452 0.03515625 0.04503675 0.301611
0 0.689974 0.7348345000000001 0.0294271 0.054228 0.303041
1 0.5610675 0.686351 0.0346354 0.0399816 0.309174
0 0.7097654999999999 0.5480239 0.0309896 0.04273895 0.310542
0 0.710677 0.7587315 0.03541665 0.04963235 0.322782
0 0.722656 0.588465 0.0296875 0.0436581 0.326151
0 0.7041664999999999 0.7890625 0.03958335 0.0459559 0.331007
0 0.6962240000000001 0.6169575 0.029947899999999996 0.04641545 0.340156
0 0.730599 0.707031 0.03828125 0.0491728 0.350768
1 0.595052 0.792509 0.04791665 0.067555 0.378678
1 0.659505 0.578125 0.060156 0.0569855 0.402747
1 0.581901 0.6204044999999999 0.04609375 0.04411765 0.456605
1 0.66875 0.7736675 0.03958335 0.04641545 0.467629
0 0.5602865 0.8499539999999999 0.0341146 0.0546875 0.47019
1 0.5447916500000001 0.6167279999999999 0.02291665 0.0514705 0.539278
0 0.5934895 0.877068 0.02552085 0.04273895 0.570954
