0 0.23072899999999996 0.4327216220165611 0.04479165 0.06295032245494397 0.252716
0 0.1100695 0.4432934700438383 0.025694449999999997 0.026429420165611298 0.265828
0 0.1171875 0.40100657769118364 0.0253472 0.030273696736483197 0.301171
0 0.1203125 0.20542888845591817 0.0267361 0.031234778373112518 0.306832
0 0.1012155 0.4137408718947881 0.0267361 0.031715294203604485 0.313381
0 0.167361 0.08961982562104237 0.025694449999999997 0.028351583438869947 0.32556
0 0.424132 0.4440146186069167 0.0371528 0.04132601061860691 0.329951
0 0.21371549999999997 0.2205655119337555 0.0392361 0.04613136882610814 0.360036
0 0.135243 0.20350682513395033 0.023263900000000004 0.027390501802240626 0.366535
0 0.11145850000000002 0.37289527715538234 0.03055555 0.04132601061860691 0.383767
1 0.3918405 0.17443399318071118 0.04270835 0.06727471505114467 0.400874
0 0.239757 0.19653872089624938 0.0267361 0.03459853911349245 0.418313
0 0.2260415 0.365687289819776 0.04861109999999999 0.04709245046273746 0.420344
0 0.13125 0.23450122065270337 0.03541665 0.031715294203604485 0.426195
0 0.2123265 0.39908451436921577 0.0309028 0.03796224987822698 0.432725
0 0.2480905 0.15401144568923528 0.04270835 0.055261569410618605 0.435559
0 0.091493 0.4473779795421335 0.03368055 0.03363745747686313 0.471177
0 0.1711805 0.05093667705796395 0.03333335 0.04228709225523623 0.472603
0 0.3935765 0.17659643935703848 0.04479165 0.06871651242084754 0.534767
0 0.357986 0.42623478324403313 0.04513890000000001 0.04805348212372138 0.540167
0 0.19253450000000003 0.19317486020457866 0.0315972 0.03459853911349245 0.540876
0 0.1890625 0.3789018499756454 0.0357639 0.03988441315148563 0.566402
0 0.1859375 0.1547320944958597 0.02743055 0.04324817389186557 0.586552
0 0.4364585 0.3959610365319045 0.04652780000000001 0.05381977204091573 0.589489
0 0.384722 0.38779201753531417 0.052778 0.06631368339016075 0.619219
0 0.9512155 0.43512445104724795 0.02395835 0.0389233315148563 0.253628
0 0.8623264999999999 0.17683682221139796 0.021875 0.025948904335119337 0.263995
1 0.5345486 0.20038334729663906 0.03854165 0.031715294203604485 0.265294
0 0.9227429999999999 0.4329620048709206 0.0309028 0.030754262542620557 0.276542
0 0.8671875 0.0980292274719922 0.022569450000000005 0.02306565942523137 0.280309
0 0.5993055 0.34910886897223575 0.0347222 0.0389233315148563 0.282887
0 0.747743 0.016338187920116903 0.03368055 0.026909985971748658 0.31665
0 0.8725695000000001 0.07232075596687774 0.0222222 0.02354622523136873 0.343722
0 0.742014 0.17347296151972724 0.03541665 0.05285874037993181 0.358975
0 0.7994789999999999 0.17155089819775937 0.0246528 0.03267637584023381 0.360891
0 0.8727429999999999 0.17419411008280564 0.03368055 0.031234778373112518 0.364153
0 0.7512155 0.05117705991232343 0.0253472 0.028351583438869947 0.371208
0 0.8800345 0.23642328397467122 0.0329861 0.03459853911349245 0.373135
0 0.579514 0.43920896054554315 0.03541665 0.03555957077447638 0.378636
0 0.8625 0.06991792693619094 0.03541665 0.03988441315148563 0.384281
0 0.8699655 0.12638091086215295 0.0315972 0.022104627764247445 0.406299
0 0.7989585 0.33637457476863125 0.03541665 0.03940389732099367 0.407346
0 0.8585070000000001 0.062229173891865566 0.021875 0.02354622523136873 0.409025
0 0.9046875 0.39019434680954707 0.030208349999999995 0.03844281568436434 0.415774
0 0.9730905 0.43344277057963954 0.03506945 0.04997564539698003 0.416066
0 0.7605905 0.018500584120798833 0.0315972 0.028351583438869947 0.41779
0 0.5970485 0.01826035119337555 0.0482639 0.0365206524111057 0.437593
0 0.8199655 0.37025206527033605 0.03645835 0.03700121821724306 0.445096
0 0.7763889999999999 0.36112201461276183 0.0347222 0.03507905494398442 0.456292
0 0.9428820000000001 0.2549237681441792 0.0378472 0.04853404792985874 0.490934
1 0.5873265 0.22224769215781784 0.03645835 0.034117973307355096 0.523678
0 0.5980905 0.4137408718947881 0.03229165 0.04517028718947881 0.542601
0 0.929514 0.4005258119824647 0.0326389 0.03315694164637116 0.558697
0 0.8895835000000001 0.2066303029712616 0.023611099999999996 0.031715294203604485 0.558914
0 0.8175345 0.402688258158792 0.0482639 0.051897708718947874 0.609011
0 0.7666664999999999 0.40989624549439846 0.057639 0.061508525085241114 0.676416
0 0.2274305 0.842858250365319 0.0284722 0.031715294203604485 0.302487
0 0.222222 0.61652654846566 0.03958335 0.04228709225523623 0.307116
0 0.2029515 0.6338256181198246 0.034375 0.04132601061860691 0.373391
0 0.1243055 0.7770253326838772 0.0361111 0.030754262542620557 0.393399
0 0.0326389 0.7498750638090598 0.024305549999999995 0.03315694164637116 0.402009
0 0.38229149999999995 0.6648200136385778 0.03194445 0.03219586000974184 0.432884
0 0.0711805 0.9110944968339016 0.04305555 0.04420920555284949 0.48031
0 0.3869790000000001 0.6331049693132001 0.0309028 0.03988441315148563 0.480855
0 0.1612845 0.9240686741354115 0.028125 0.04324817389186557 0.481277
0 0.3635415000000001 0.8690474875791525 0.04305555 0.04757296629322942 0.50623
0 0.22482649999999998 0.8776972722844617 0.0420139 0.0466118846566001 0.530017
0 0.122222 0.6177279629810034 0.0375 0.03507905494398442 0.572602
0 0.3887155 0.842858250365319 0.046180549999999994 0.0490145637603507 0.581744
0 0.3671875 0.9142179746712129 0.05243049999999999 0.0466118846566001 0.621248
0 0.415104 0.8894705348270824 0.05243049999999999 0.05574183536288359 0.631789
0 0.3748265 0.7193609342425719 0.0434028 0.04613136882610814 0.631822
0 0.419271 0.7306534310764735 0.04270835 0.05333950608865076 0.636676
0 0.9145835 0.6006687764247443 0.03194445 0.03267637584023381 0.250486
0 0.823611 0.9653950345835363 0.025 0.030754262542620557 0.253509
1 0.9713539999999999 0.6182082289332683 0.0420139 0.04180652644909888 0.27573
0 0.9039929999999999 0.8053765163175841 0.021875 0.03940389732099367 0.276621
1 0.8819445000000001 0.61652654846566 0.0298611 0.03940389732099367 0.283896
0 0.859028 0.8106624403312226 0.03125 0.031715294203604485 0.290858
0 0.7838539999999999 0.6379101276181198 0.0378472 0.03988441315148563 0.294035
0 0.9078125 0.911815145640526 0.03854165 0.0466118846566001 0.312369
1 0.8232639999999999 0.9649142688748172 0.0215278 0.026909985971748658 0.324426
0 0.7850695 0.8685672216268875 0.03958335 0.034117973307355096 0.330086
0 0.5538194999999999 0.6542486653677544 0.0361111 0.03604013658061374 0.347527
0 0.7454860000000001 0.8654437437895762 0.024305549999999995 0.03555957077447638 0.359903
0 0.7326389999999999 0.931277161227472 0.03680555 0.030754262542620557 0.370271
0 0.5881945 0.9473748163662932 0.03194445 0.03315694164637116 0.375846
0 0.8668405 0.8342089654164637 0.02881945 0.02883209926936191 0.383771
0 0.8795139999999999 0.8094615255723332 0.025694449999999997 0.031234778373112518 0.39342
0 0.9137155 0.6218124724792985 0.0253472 0.02979318090599123 0.396715
0 0.9015625 0.6422350199707745 0.02604165 0.028351583438869947 0.410759
0 0.5644095 0.7191205513882123 0.040625 0.04372868972235752 0.438322
0 0.728993 0.8351699970774477 0.03368055 0.04228709225523623 0.440993
0 0.8616320000000001 0.8671254242571846 0.03645835 0.03315694164637116 0.466723
0 0.565625 0.6768336590355578 0.0298611 0.03988441315148563 0.499544
0 0.573264 0.8793789527520701 0.0423611 0.04805348212372138 0.529936
0 0.7612845 0.6391115421334632 0.03229165 0.04517028718947881 0.570851
0 0.806597 0.680437402825134 0.0409722 0.04420920555284949 0.616737
0 0.769618 0.6792364880662446 0.0378472 0.04084549478811496 0.624965
0 0.7826389999999999 0.6021105737944472 0.03819445 0.04420920555284949 0.630194
0 0.556771 0.9245494398441305 0.0357639 0.04228709225523623 0.635774
