0 0.21875 0.05454092060399415 0.050625 0.04565085299561617 0.25041
0 0.277969 0.4089352138334145 0.0353125 0.04420920555284949 0.266981
0 0.1953125 0.4180652644909888 0.031875 0.04709245046273746 0.274651
0 0.245 0.39812348270823184 0.036875 0.04757296629322942 0.287166
0 0.3848435 0.21912421432050658 0.0515625 0.04997564539698003 0.291295
0 0.4775 0.012013395518753044 0.04499999999999999 0.020182464490988795 0.292842
0 0.271094 0.08625596492937165 0.0309375 0.031234778373112518 0.315619
0 0.1720315 0.4005258119824647 0.0328125 0.04372868972235752 0.321259
0 0.2023435 0.35271261276181193 0.0359375 0.04228709225523623 0.325702
0 0.2146875 0.33325109693132 0.03125 0.0389233315148563 0.340287
0 0.3125 0.3935582075012177 0.04499999999999999 0.04036492898197759 0.345588
0 0.3592185 0.2683787111544082 0.0421875 0.04853404792985874 0.354838
0 0.2967185 0.020663030297126156 0.0340625 0.03748173404773502 0.357289
0 0.228125 0.38562957135898684 0.034375 0.03988441315148563 0.365714
0 0.2828125 0.48413906478324403 0.043125 0.025468338528981976 0.395217
0 0.2146875 0.12301705017048223 0.04499999999999999 0.05766439844130541 0.417025
0 0.2853125 0.1597781354115928 0.0475 0.05622260107160253 0.417047
0 0.277969 0.043488406819288845 0.0378125 0.03796224987822698 0.417933
0 0.20875000000000002 0.2974510433511934 0.04125 0.03844281568436434 0.423825
0 0.162969 0.377700435460302 0.0428125 0.07111934145153434 0.43269
0 0.2821875 0.12325743302484168 0.04499999999999999 0.04565085299561617 0.437386
0 0.253281 0.3231600146127618 0.04093750000000001 0.04565085299561617 0.443475
0 0.4778125 0.2835158343886995 0.04125 0.051897708718947874 0.448168
0 0.192031 0.4711643877252801 0.0278125 0.03700121821724306 0.451824
0 0.35687500000000005 0.3913957613248904 0.0425 0.05718363273258646 0.46337
0 0.1526565 0.2063899201169021 0.0365625 0.05045641110569898 0.470943
0 0.3751565 0.10571748075986362 0.0340625 0.03844281568436434 0.475939
0 0.3321875 0.12998465465172918 0.043125 0.04468977135898685 0.480655
0 0.306875 0.3056200623477837 0.040625 0.05093667705796395 0.494445
0 0.4353125 0.26909985971748657 0.040625 0.06343058840720897 0.497044
0 0.4048435 0.11388699951290794 0.0390625 0.05766439844130541 0.501689
0 0.33078149999999995 0.48077520409157326 0.0490625 0.03796224987822698 0.502314
0 0.2415625 0.352232346809547 0.044375000000000005 0.04420920555284949 0.506179
0 0.305781 0.35992060009741844 0.0359375 0.0490145637603507 0.52317
0 0.176875 0.2318580087676571 0.039375 0.05622260107160253 0.57395
0 0.16968750000000002 0.46467754895275204 0.0325 0.03748173404773502 0.577408
0 0.260156 0.23810496444227958 0.0540625 0.0744827023867511 0.586142
0 0.24375 0.09923064198733562 0.04 0.04853404792985874 0.586492
0 0.479375 0.4774113433999026 0.04 0.0427676080857282 0.588678
0 0.366875 0.4387286945932781 0.03875 0.07880759473940574 0.588789
0 0.324375 0.4329620048709206 0.049374999999999995 0.05862543010228933 0.594736
0 0.2198435 0.43848831173891867 0.0421875 0.05910569605455431 0.600333
0 0.3917185000000001 0.32988723623964933 0.0546875 0.09274330345835362 0.605669
0 0.4784375 0.22945567949342427 0.043125 0.03796224987822698 0.609666
0 0.18609349999999997 0.17948003409644422 0.0503125 0.04757296629322942 0.610155
0 0.24249999999999997 0.15064758499756453 0.048125 0.06102775937652216 0.617615
0 0.4685935 0.35799853677545057 0.06218750000000001 0.10091232245494397 0.624664
0 0.3440625 0.182843395031661 0.06125 0.06198879103750608 0.649757
0 0.4129689999999999 0.4673202610813444 0.0653125 0.06487238577691183 0.662427
0 0.3409375 0.333731362883585 0.0475 0.0744827023867511 0.668458
0 0.3996875 0.1725119298587433 0.045625 0.062469556746225036 0.669291
0 0.3146875 0.22849464783244033 0.05625 0.07640526546517291 0.729872
0 0.48874999999999996 0.6761130102289332 0.022499999999999996 0.04613136882610814 0.275901
0 0.3639065000000001 0.7042243107647346 0.0278125 0.04468977135898685 0.281888
0 0.2240625 0.8642423292742328 0.030625 0.04853404792985874 0.300833
0 0.38125 0.8433390160740379 0.04375 0.051897708718947874 0.30198
0 0.15375 0.5624663935703849 0.034375 0.04565085299561617 0.308381
0 0.3520315 0.6302218743302483 0.0459375 0.05814466439357039 0.319025
0 0.3660939999999999 0.7460304374086703 0.0359375 0.04180652644909888 0.322533
0 0.4798434999999999 0.5326731127131028 0.0359375 0.03796224987822698 0.349822
0 0.134531 0.5744795392109109 0.0259375 0.03988441315148563 0.351721
0 0.2048435 0.5819279094008768 0.0346875 0.05478080370189966 0.359543
0 0.40890649999999995 0.5305107165124208 0.0390625 0.05670336678032148 0.377701
0 0.4284375 0.8976395538236727 0.04 0.07880759473940574 0.379364
0 0.1334375 0.5439656595226497 0.025625 0.03555957077447638 0.379609
0 0.2726565 0.9089320506575742 0.0365625 0.04565085299561617 0.381252
0 0.3653125 0.5667912859230394 0.040625 0.06102775937652216 0.382816
0 0.1729685 0.5148933273258646 0.0453125 0.028351583438869947 0.395123
0 0.46375 0.9452123701899658 0.065 0.0730414047735022 0.413213
0 0.151406 0.8868273229420359 0.0284375 0.0427676080857282 0.426338
0 0.21218749999999997 0.5372381880175353 0.04625 0.05574183536288359 0.445319
0 0.41921850000000005 0.7167182221139795 0.0496875 0.07736629712615685 0.457204
0 0.239375 0.9115747627861666 0.036875 0.04709245046273746 0.465325
0 0.47906249999999995 0.5115295665854847 0.041875 0.02354622523136873 0.485249
0 0.26875 0.9610701422308816 0.045625 0.03555957077447638 0.504877
0 0.2051565 0.6967759405747687 0.0359375 0.05958646176327326 0.507719
0 0.1796875 0.962271556746225 0.03875 0.04084549478811496 0.509104
0 0.2515625 0.523302679201169 0.0475 0.04709245046273746 0.527132
0 0.4775 0.7827915226497808 0.04375 0.09706819581100827 0.533552
0 0.3414065 0.766933750608865 0.0290625 0.03363745747686313 0.53457
0 0.3292185000000001 0.5216207988309791 0.0509375 0.04372868972235752 0.535928
0 0.24187500000000003 0.7167182221139795 0.055625 0.055261569410618605 0.557552
0 0.1690625 0.911815145640526 0.035625 0.04084549478811496 0.577903
0 0.307031 0.8887493862640039 0.0403125 0.06102775937652216 0.589403
0 0.243281 0.5819279094008768 0.0503125 0.07015830979055042 0.590307
0 0.257969 0.8183511933755478 0.0596875 0.05093667705796395 0.606842
0 0.38031250000000005 0.6232537700925475 0.04625 0.05670336678032148 0.607967
0 0.4423435 0.6998994184120798 0.0753125 0.08024939210910863 0.608297
0 0.330156 0.9577062815392108 0.04656250000000001 0.05478080370189966 0.609878
0 0.3703125 0.7945647851924014 0.0475 0.05718363273258646 0.610965
0 0.40687499999999993 0.9026850949829518 0.075 0.0831324870920604 0.626513
0 0.2560935 0.7690961967851925 0.0596875 0.0744827023867511 0.63059
0 0.2801565 0.5478099360935217 0.04656250000000001 0.06631368339016075 0.635662
0 0.261875 0.8695282532878715 0.0425 0.04757296629322942 0.651659
0 0.3039065 0.611000241597662 0.0559375 0.07159960740379932 0.652291
0 0.3565625 0.8714503166098393 0.039375 0.06102775937652216 0.655421
0 0.37562499999999993 0.5336341943497321 0.04125 0.06583341743789575 0.65756
0 0.19656249999999997 0.7640506556259133 0.051875 0.08072965806137358 0.667825
0 0.17937500000000003 0.8654437437895762 0.040625 0.05093667705796395 0.671927
0 0.334375 0.7167182221139795 0.04375 0.06679444909887969 0.679144
0 0.471875 0.8740930287384315 0.05625 0.07111934145153434 0.697661
0 0.4703125 0.6042730199707744 0.059375 0.11484803117389188 0.704796
0 0.4304685 0.805857282026303 0.0590625 0.09514613248904043 0.734271
0 0.8590625000000001 0.48582074525085234 0.0525 0.027871017632732586 0.252951
0 0.677344 0.3435825621042377 0.0378125 0.05381977204091573 0.25741
0 0.585781 0.32267924890404287 0.0459375 0.05333950608865076 0.271539
0 0.6184375 0.4887043399902582 0.048125 0.022104627764247445 0.271714
0 0.9224999999999999 0.18812931904529956 0.03875 0.055261569410618605 0.312976
0 0.8474999999999999 0.010331515148563078 0.030625 0.020663030297126156 0.325799
0 0.915156 0.2340204549439844 0.0309375 0.05093667705796395 0.351996
0 0.9146874999999999 0.3721746283487579 0.039375 0.05333950608865076 0.352103
0 0.9021874999999999 0.15905698684851438 0.04375 0.06439162006819288 0.363345
0 0.7542189999999999 0.2604500750121773 0.0534375 0.07015830979055042 0.364213
0 0.696875 0.011292596785192403 0.038125 0.022585143594739406 0.370445
0 0.7932814999999999 0.031234778373112518 0.0490625 0.05574183536288359 0.375117
0 0.806094 0.48221700146127616 0.0671875 0.03507905494398442 0.382131
0 0.693906 0.477651726254262 0.0403125 0.04420920555284949 0.394177
0 0.756719 0.05766439844130541 0.0346875 0.04613136882610814 0.395046
0 0.52953125 0.014416074622503654 0.0403125 0.02883209926936191 0.406414
0 0.8825000000000001 0.08145080662445202 0.065 0.10523721480759864 0.433609
0 0.51515625 0.3133088153921091 0.030312499999999996 0.05670336678032148 0.439891
0 0.6692184999999999 0.09850949342425719 0.0509375 0.06727471505114467 0.442613
0 0.5521875 0.1261405280077935 0.03625 0.04468977135898685 0.465416
0 0.7189065000000001 0.06991792693619094 0.0590625 0.06583341743789575 0.47189
0 0.8640625 0.2782299103750609 0.049374999999999995 0.04997564539698003 0.474432
0 0.558594 0.37265489430102294 0.04093750000000001 0.06871651242084754 0.48013
0 0.7467185 0.46924232440331226 0.0703125 0.06102775937652216 0.504228
0 0.5815625 0.0213838290306868 0.05437500000000001 0.04084549478811496 0.510695
0 0.6142185 0.40845494788114955 0.0503125 0.06343058840720897 0.524439
0 0.66875 0.05045641110569898 0.04 0.0490145637603507 0.52788
0 0.5671875 0.16266123039454458 0.04625 0.055261569410618605 0.530073
0 0.708594 0.13863443935703845 0.0628125 0.08217145543107648 0.541389
0 0.6385935 0.18836970189965904 0.0578125 0.06823574671212859 0.547097
0 0.9364065 0.3748173404773502 0.0365625 0.06054749342425718 0.550297
0 0.9470315 0.252281056015587 0.04093750000000001 0.08265222113979542 0.557716
0 0.8431250000000001 0.10259400292255236 0.063125 0.08121042377009255 0.565179
0 0.52265625 0.3825060935216756 0.0428125 0.0941851008280565 0.570806
0 0.8278125000000001 0.389714080857282 0.055625 0.0730414047735022 0.580757
0 0.8551560000000001 0.18092133170969313 0.0478125 0.06775548075986361 0.58506
0 0.859844 0.4339230365319045 0.0584375 0.0941851008280565 0.586354
0 0.778281 0.11052313882123721 0.05656250000000001 0.07400243643448612 0.592478
0 0.703125 0.276788113005358 0.05375 0.08649634778373114 0.594865
0 0.9196875 0.30513979639551875 0.05125 0.07880759473940574 0.606857
0 0.7326564999999999 0.345264242571846 0.0546875 0.0831324870920604 0.607415
0 0.7453125 0.1588166039941549 0.06375 0.07832732878714077 0.616841
0 0.651719 0.3695314164637117 0.0453125 0.061508525085241114 0.625319
0 0.6190625 0.14031611982464684 0.045625 0.06054749342425718 0.626494
0 0.52953125 0.27606746419873357 0.05281249999999999 0.06391135411592791 0.628526
0 0.5693750000000001 0.2304167111544082 0.066875 0.06871651242084754 0.630484
0 0.8659374999999999 0.3426215304432538 0.05 0.07496346809547004 0.632379
0 0.7632815 0.39956478032148074 0.0659375 0.09082124013638578 0.682396
0 0.5825 0.08289210423770092 0.05 0.06775548075986361 0.684451
0 0.6234375 0.05333950608865076 0.049374999999999995 0.06343058840720897 0.688389
0 0.8073440000000001 0.31931538821237215 0.0746875 0.08697661373599609 0.695271
0 0.8049999999999999 0.2140781734047735 0.0775 0.11484803117389188 0.709998
0 0.6482809999999999 0.4490601597661958 0.06218750000000001 0.0831324870920604 0.731867
0 0.6279685 0.2960097457379445 0.0596875 0.08649634778373114 0.73583
0 0.9025000000000001 0.6953341432050657 0.02625 0.030754262542620557 0.274387
0 0.7721874999999999 0.5170557235265466 0.035 0.03459853911349245 0.286521
0 0.8364065 0.8214746712128593 0.0421875 0.04565085299561617 0.301688
0 0.8464065 0.5362771063809061 0.0490625 0.04420920555284949 0.310927
0 0.9334374999999999 0.6838012635168047 0.03375 0.05093667705796395 0.317635
0 0.5196875 0.9348809050170482 0.039375 0.08217145543107648 0.324966
0 0.8599999999999999 0.8000910920603994 0.038125 0.04517028718947881 0.337325
0 0.75625 0.5994673619094009 0.06062499999999999 0.05814466439357039 0.34537
0 0.8603124999999999 0.5797654632245494 0.043125 0.04853404792985874 0.346453
0 0.7153125 0.9461734018509498 0.03875 0.06054749342425718 0.352638
0 0.6090625 0.9656354174378958 0.063125 0.0427676080857282 0.35269
0 0.6009375 0.5237831950316609 0.07125 0.04805348212372138 0.355468
0 0.83375 0.9634729712615684 0.05499999999999999 0.04613136882610814 0.361276
0 0.772344 0.5552584062347784 0.0378125 0.05910569605455431 0.381473
0 0.595625 0.8692878704335119 0.04375 0.04420920555284949 0.392256
0 0.5959375 0.7568426682903069 0.045625 0.0490145637603507 0.395785
0 0.9023439999999999 0.9694795440818315 0.0340625 0.034117973307355096 0.402339
0 0.74 0.891872864101315 0.0325 0.051897708718947874 0.413775
0 0.7482814999999999 0.848865322942036 0.0309375 0.04372868972235752 0.419383
0 0.9209375000000001 0.6768336590355578 0.029375 0.03988441315148563 0.43104
0 0.922656 0.8500667374573794 0.0240625 0.03844281568436434 0.438116
0 0.8759374999999999 0.7232050608865076 0.030625 0.03940389732099367 0.438566
0 0.8265625 0.9264715031660983 0.033125 0.04517028718947881 0.439457
0 0.7620314999999999 0.8137859181685339 0.0390625 0.05237847442766683 0.449593
0 0.8482815000000001 0.8298840730638091 0.0328125 0.03940389732099367 0.46272
0 0.5490625 0.8733723799318072 0.05625 0.05814466439357039 0.463835
0 0.8293750000000001 0.8068183136872868 0.031875 0.05093667705796395 0.466892
0 0.8278125000000001 0.8736127627861666 0.030625 0.04997564539698003 0.469769
0 0.869531 0.9456931358986849 0.0434375 0.062469556746225036 0.477775
0 0.8635939999999999 0.673469798343887 0.0428125 0.05333950608865076 0.48231
0 0.5864065 0.8101821743789577 0.0459375 0.05958646176327326 0.488304
0 0.8895315 0.5365173892839746 0.0284375 0.04180652644909888 0.507618
0 0.9159375 0.8248385319045299 0.024375000000000004 0.03315694164637116 0.52098
0 0.66875 0.7544398392596201 0.064375 0.03459853911349245 0.522145
0 0.9110935 0.950257911349245 0.0359375 0.04757296629322942 0.524049
0 0.5809375 0.9279133005358013 0.05125 0.05958646176327326 0.543605
0 0.8560940000000001 0.7751032693619094 0.0296875 0.03267637584023381 0.546722
0 0.8484375 0.8767362406234778 0.036875 0.06102775937652216 0.548575
0 0.6171875 0.8332479337554797 0.036875 0.05285874037993181 0.552673
0 0.9068749999999999 0.8810611329761325 0.0325 0.0389233315148563 0.561139
0 0.52921875 0.7849539688261081 0.0584375 0.125419879201169 0.564223
0 0.8903125000000001 0.849345588894301 0.029375 0.03604013658061374 0.57525
0 0.6395315 0.5982659473940575 0.05656250000000001 0.05670336678032148 0.585677
0 0.825625 0.5944218207501217 0.039375 0.061508525085241114 0.586159
0 0.8020309999999999 0.899802 0.0378125 0.051417442766682905 0.601704
0 0.52546875 0.5492515835362883 0.0478125 0.09322356941061861 0.606979
0 0.84625 0.7352187062834876 0.04125 0.04997564539698003 0.607027
0 0.6926559999999999 0.6064354661471019 0.0590625 0.05381977204091573 0.629193
0 0.52390625 0.6862040925474915 0.0478125 0.06439162006819288 0.639588
0 0.724219 0.8181108105211885 0.041562499999999995 0.06487238577691183 0.651698
0 0.6706249999999999 0.5456475398928398 0.055625 0.07640526546517291 0.668901
0 0.8078125 0.5350757918168534 0.051875 0.06871651242084754 0.669123
0 0.73 0.5420435462250366 0.064375 0.08169118947881149 0.682337
0 0.752969 0.938244765708719 0.0453125 0.06583341743789575 0.684076
0 0.70625 0.8959573735996104 0.049374999999999995 0.06967754408183145 0.687034
0 0.6720315000000001 0.8053765163175841 0.0559375 0.08169118947881149 0.688786
0 0.6354690000000001 0.9139775918168533 0.057187499999999995 0.0730414047735022 0.696638
0 0.610625 0.5703950297126157 0.060000000000000005 0.09995129079396006 0.696659
0 0.651719 0.6703463205065757 0.0628125 0.08649634778373114 0.726966
