0 0.610403 0.4396897262542621 0.0234375 0.02979318090599123 0.270278
0 0.9442845 0.20831198343886995 0.0365954 0.03219586000974184 0.286313
0 0.7504109999999999 0.17299269556746227 0.03125 0.02979318090599123 0.286979
0 0.8486839999999999 0.19581807208962493 0.03782895 0.028351583438869947 0.311684
0 0.7195725000000001 0.13647199318071115 0.027960549999999997 0.02883209926936191 0.345559
1 0.5744245 0.42767608085728204 0.0394737 0.03555957077447638 0.367223
0 0.6953125 0.138394056502679 0.0263158 0.027871017632732586 0.375624
1 0.8645149999999999 0.32580272674135413 0.0415296 0.04997564539698003 0.381859
0 0.834704 0.13599122747199222 0.02960525 0.02306565942523137 0.393623
0 0.858758 0.1662649741841208 0.026726950000000003 0.02979318090599123 0.405994
0 0.5762745 0.4274356980029225 0.0308388 0.030273696736483197 0.420228
0 0.938117 0.1660250910862153 0.0283717 0.01874086702386751 0.4222
0 0.6903785 0.1648236765708719 0.03453945 0.03459853911349245 0.435065
0 0.9272205 0.18524622406234778 0.0263158 0.02354622523136873 0.440447
0 0.5966285 0.43512445104724795 0.0263158 0.02450730686799805 0.446166
0 0.7452715 0.144400629322942 0.0283717 0.030273696736483197 0.488258
1 0.583059 0.16578470823185582 0.0444079 0.03844281568436434 0.50763
1 0.730469 0.44161178957622993 0.03824015 0.04228709225523623 0.520599
0 0.8277140000000001 0.1662649741841208 0.03125 0.031715294203604485 0.52485
1 0.9360609999999998 0.32051680272771554 0.03495065 0.026909985971748658 0.534777
1 0.7397205 0.295769362883585 0.04029605 0.04757296629322942 0.551043
1 0.8585524999999999 0.44521553336580616 0.04358555 0.0466118846566001 0.619361
1 0.9486019999999998 0.45819021042377006 0.0411184 0.04853404792985874 0.619453
0 0.7189555 0.17058986653677544 0.0390625 0.03844281568436434 0.670564
1 0.6030015 0.2909642045786654 0.0439967 0.0427676080857282 0.690105
0 0.130551 0.05406015489527521 0.0489309 0.0427676080857282 0.265996
0 0.1959295 0.4389685776911836 0.0259046 0.021624061958110084 0.279948
0 0.1101975 0.21095469556746224 0.03782895 0.03267637584023381 0.28185
0 0.200658 0.19005138236726743 0.0230263 0.026429420165611298 0.29203
0 0.1671465 0.18500584120798833 0.0259046 0.02883209926936191 0.292452
0 0.164885 0.434163419386264 0.02467105 0.025468338528981976 0.303867
0 0.208265 0.17443399318071118 0.0283717 0.02306565942523137 0.312693
0 0.0723685 0.22753311641500246 0.02220395 0.027390501802240626 0.332196
0 0.0828535 0.18644763857769117 0.0316612 0.027871017632732586 0.341749
1 0.4418175 0.4274356980029225 0.03248355 0.03315694164637116 0.349057
0 0.4231085 0.46035265660009744 0.0254934 0.031715294203604485 0.353742
0 0.183388 0.4699634729663906 0.03536185 0.02883209926936191 0.365958
0 0.0834705 0.20951339795421337 0.02960525 0.031715294203604485 0.370054
0 0.0869655 0.23209839162201656 0.02179275 0.02402674106186069 0.375607
1 0.1015625 0.4726061850949829 0.0263158 0.02450730686799805 0.381762
0 0.168791 0.2277734992693619 0.02754935 0.024987822698490016 0.394734
1 0.10999200000000002 0.3313290336093522 0.0497533 0.0466118846566001 0.405662
0 0.18236 0.20831198343886995 0.02508225 0.025468338528981976 0.408772
0 0.1807155 0.17683682221139796 0.03001645 0.02883209926936191 0.429925
0 0.414268 0.4238319542133463 0.026726950000000003 0.02883209926936191 0.463926
0 0.402344 0.125419879201169 0.0341283 0.03555957077447638 0.500006
0 0.2921465 0.1487255216755967 0.0283717 0.03315694164637116 0.515238
0 0.0818255 0.4586704763760351 0.0213816 0.028351583438869947 0.518698
0 0.428865 0.14536166098392594 0.0394737 0.04565085299561617 0.527276
0 0.448191 0.11028275596687775 0.046875 0.0389233315148563 0.53915
0 0.1745475 0.44377423575255726 0.02425985 0.026429420165611298 0.561596
1 0.301809 0.4413714067218704 0.04605265 0.03796224987822698 0.572963
0 0.31764 0.1559335090112031 0.0316612 0.031234778373112518 0.579788
0 0.1478205 0.4514624890404286 0.02508225 0.027390501802240626 0.588564
1 0.204153 0.3173933248904043 0.0439967 0.05237847442766683 0.597614
1 0.3207235 0.302256701412567 0.04358555 0.0365206524111057 0.631999
0 0.306949 0.18524622406234778 0.03495065 0.030273696736483197 0.652115
1 0.453125 0.2883209926936191 0.046875 0.04324817389186557 0.680434
0 0.303865 0.8892301519727228 0.0550985 0.0427676080857282 0.295139
0 0.099712 0.5975452985874331 0.03577305 0.03219586000974184 0.31981
0 0.204153 0.8781780379931807 0.026726950000000003 0.029312615099853872 0.320195
0 0.201069 0.9175818353628835 0.0386513 0.034117973307355096 0.403872
0 0.181332 0.9247898226984901 0.03042765 0.03507905494398442 0.447119
1 0.189967 0.6061950832927423 0.0386513 0.05333950608865076 0.447297
0 0.1766035 0.8858662912810522 0.0341283 0.03315694164637116 0.484719
1 0.3040705 0.8892301519727228 0.05550999999999999 0.04468977135898685 0.516369
0 0.196546 0.8599174369215782 0.03042765 0.029312615099853872 0.558827
0 0.1675575 0.8462221110569899 0.0283717 0.031715294203604485 0.595595
1 0.1175985 0.7450694057476863 0.04605265 0.03604013658061374 0.602369
1 0.321135 0.7527581587920117 0.0411184 0.04853404792985874 0.608248
1 0.453125 0.7647713044325377 0.0444079 0.04468977135898685 0.624387
1 0.43133199999999994 0.6057143175840234 0.058387999999999995 0.05718363273258646 0.663837
1 0.202508 0.7462708202630297 0.04564145 0.04997564539698003 0.664915
0 0.5569489999999999 0.8875484715051145 0.0316612 0.02979318090599123 0.265282
0 0.7199835 0.8839442279590843 0.02960525 0.030273696736483197 0.276466
0 0.5466694 0.9058085728202631 0.0365954 0.03267637584023381 0.294598
0 0.9144734999999999 0.8966785221626887 0.0238487 0.025948904335119337 0.296257
0 0.5723685 0.8978799366780322 0.0444079 0.030273696736483197 0.30362
0 0.958676 0.8846648767657088 0.02508225 0.027871017632732586 0.315235
0 0.5659949999999999 0.9223869936678032 0.0415296 0.030273696736483197 0.316289
0 0.5974505 0.9262311203117389 0.03125 0.027390501802240626 0.33178
0 0.832031 0.9089320506575742 0.0341283 0.03219586000974184 0.34533
0 0.8439555000000001 0.8916329810034096 0.0464638 0.054300537749634684 0.384856
0 0.9321545 0.8913925981490501 0.0263158 0.024987822698490016 0.461619
0 0.699013 0.9110944968339016 0.04605265 0.04132601061860691 0.535647
1 0.9547695 0.6090781782756941 0.04523025 0.0466118846566001 0.595658
1 0.6040295 0.7698173453482708 0.0501645 0.06054749342425718 0.639015
1 0.5779195 0.6069157320993668 0.0464638 0.04517028718947881 0.639625
1 0.727796 0.6090781782756941 0.0608555 0.06102775937652216 0.642253
1 0.8527959999999999 0.60451290306868 0.0419408 0.04420920555284949 0.659424
1 0.9340049999999999 0.7575633170969313 0.03988485 0.03700121821724306 0.662197
1 0.740543 0.7616478265952266 0.04358555 0.04324817389186557 0.678993
1 0.8515625 0.7575633170969313 0.04605265 0.04853404792985874 0.731258
