1 0.9111839999999999 0.30634121091086214 0.04358555 0.028351583438869947 0.254525
0 0.51151315 0.4723658022406235 0.0230263 0.02979318090599123 0.256278
1 0.8384045 0.2878407267413541 0.04769735 0.04324817389186557 0.258004
1 0.7171055 0.25132002435460304 0.0501645 0.05093667705796395 0.258857
1 0.6842104999999999 0.4180652644909888 0.0444079 0.04036492898197759 0.265901
1 0.5359786 0.1559335090112031 0.0596215 0.05814466439357039 0.270239
1 0.7401315 0.37505772333170967 0.03782895 0.034117973307355096 0.274383
0 0.5452302499999999 0.10379541743789575 0.067434 0.04613136882610814 0.274426
0 0.9679274999999999 0.422150273745738 0.04523025 0.04084549478811496 0.274441
1 0.54605265 0.22849464783244033 0.0444079 0.05814466439357039 0.274829
1 0.5620890000000001 0.1559335090112031 0.0641445 0.06295032245494397 0.279696
0 0.5799755 0.4526639035557721 0.0448191 0.03555957077447638 0.280237
1 0.706209 0.41590331807111547 0.0365954 0.03604013658061374 0.284598
1 0.6389805 0.13479031271310277 0.04851975 0.03604013658061374 0.28503
1 0.959293 0.42431222016561126 0.0542765 0.04709245046273746 0.292168
0 0.6875 0.04517028718947881 0.060033 0.05958646176327326 0.295834
0 0.7964640000000001 0.22825426497808085 0.04523025 0.04228709225523623 0.300262
1 0.6116364999999999 0.16842742036044814 0.0596215 0.054300537749634684 0.304269
0 0.5472862000000001 0.4838986819288846 0.064967 0.031715294203604485 0.305218
0 0.892681 0.41902679590842673 0.0501645 0.04517028718947881 0.308356
1 0.8815790000000001 0.18500584120798833 0.066612 0.04805348212372138 0.328433
0 0.9827305 0.24146882513395032 0.03453945 0.05237847442766683 0.330512
1 0.5454358499999999 0.26645664783244033 0.0415296 0.03315694164637116 0.330906
1 0.674342 0.1172503604481247 0.0542765 0.051897708718947874 0.334665
0 0.54584705 0.22945567949342427 0.0489309 0.05237847442766683 0.344634
1 0.7960524999999999 0.22537116999512907 0.0501645 0.03844281568436434 0.347136
0 0.9771795 0.2681383283000487 0.03824015 0.03844281568436434 0.353173
1 0.879112 0.46203433706770575 0.05674350000000001 0.03507905494398442 0.364135
1 0.53227795 0.3010552868972236 0.064556 0.03988441315148563 0.369187
1 0.7740545 0.20278567657087188 0.0522205 0.04420920555284949 0.373132
1 0.7029195 0.29624962883584993 0.053043 0.04084549478811496 0.38714
1 0.5437911 0.10499683195323915 0.062911 0.05237847442766683 0.391366
1 0.9449015000000001 0.288801758402338 0.0444079 0.04324817389186557 0.396012
1 0.7623354999999999 0.2580472459814905 0.04358555 0.03844281568436434 0.396612
1 0.5783305 0.3760187549926936 0.04810855 0.03988441315148563 0.397612
1 0.7888569999999999 0.26645664783244033 0.0472862 0.0466118846566001 0.397664
1 0.8182565 0.4339230365319045 0.04605265 0.02979318090599123 0.418255
1 0.8908305000000001 0.4166239668777399 0.0472862 0.04228709225523623 0.420841
1 0.59375 0.3070618597174866 0.03536185 0.05478080370189966 0.429839
1 0.740954 0.28519751485630784 0.04769735 0.03219586000974184 0.441201
1 0.685033 0.04444948845591817 0.0608555 0.06102775937652216 0.442723
1 0.5561265 0.38803190063321963 0.05386500000000001 0.029312615099853872 0.460013
1 0.8268915 0.333731362883585 0.0419408 0.03219586000974184 0.492063
1 0.847656 0.4074939162201656 0.04810855 0.030754262542620557 0.510232
0 0.958676 0.3825060935216756 0.04317435 0.04420920555284949 0.529451
1 0.6484375 0.440169992206527 0.04029605 0.04036492898197759 0.614793
1 0.385074 0.4668399951290794 0.0505755 0.051417442766682905 0.250427
1 0.231908 0.45746956161714564 0.04276315 0.05381977204091573 0.251812
1 0.170436 0.17299269556746227 0.0571545 0.03844281568436434 0.254168
1 0.0828535 0.4161432011690209 0.051398 0.03748173404773502 0.260767
0 0.165296 0.06847612956648806 0.0493421 0.051417442766682905 0.265567
1 0.295847 0.30009425523623967 0.0464638 0.03796224987822698 0.267454
1 0.4161185 0.17515514174378957 0.066612 0.06679444909887969 0.272974
0 0.490954 0.10379541743789575 0.014802650000000002 0.05862543010228933 0.274073
1 0.23910349999999997 0.43368265367754505 0.04810855 0.03700121821724306 0.277898
1 0.270148 0.408694830979055 0.03782895 0.0389233315148563 0.289134
1 0.072163 0.33253044812469557 0.03248355 0.031715294203604485 0.293935
0 0.3647205 0.40533147004383824 0.03536185 0.03219586000974184 0.295332
0 0.375411 0.4166239668777399 0.0501645 0.04420920555284949 0.296491
0 0.3328535 0.43488406819288844 0.0341283 0.03940389732099367 0.30924
1 0.343133 0.11749074330248417 0.0546875 0.04565085299561617 0.311667
0 0.3671875 0.18500584120798833 0.0814145 0.07208037311251828 0.312015
0 0.3665705 0.07135922454943984 0.03577305 0.0389233315148563 0.313404
1 0.4366775 0.19918193278129567 0.0608555 0.0427676080857282 0.316395
1 0.145765 0.19990258158792013 0.0464638 0.04132601061860691 0.320986
0 0.484375 0.05742401558694594 0.02713815 0.05718363273258646 0.328113
1 0.04790295 0.31619191037506095 0.03741775 0.03459853911349245 0.358995
1 0.0606495 0.48077520409157326 0.062911 0.03796224987822698 0.370902
1 0.128906 0.447138096444228 0.0489309 0.0466118846566001 0.384365
1 0.171875 0.3411797330735509 0.05674350000000001 0.0490145637603507 0.420819
1 0.24773849999999997 0.2561251826595226 0.062911 0.04613136882610814 0.465242
1 0.364515 0.18524622406234778 0.0752465 0.07063857574281539 0.493828
1 0.1761925 0.12421846468582562 0.0505755 0.05814466439357039 0.499938
1 0.082648 0.21696176814417925 0.0394737 0.03796224987822698 0.504235
1 0.2643915 0.18020068290306868 0.0542765 0.04517028718947881 0.53225
1 0.417763 0.282794685825621 0.04029605 0.06198879103750608 0.535698
1 0.0869655 0.44761836239649294 0.057977 0.05045641110569898 0.64696
1 0.3702715 0.6208514408183147 0.0571545 0.06439162006819288 0.251939
1 0.2654195 0.9050879240136386 0.0464638 0.0427676080857282 0.256934
1 0.233758 0.8171497788602045 0.062911 0.06295032245494397 0.257052
1 0.264597 0.7820708738431563 0.053043 0.04853404792985874 0.260447
0 0.160362 0.6797167540185095 0.0550985 0.0389233315148563 0.263902
0 0.178865 0.8603982026302971 0.03782895 0.034117973307355096 0.265989
0 0.271793 0.9038865094982952 0.0370066 0.02883209926936191 0.273284
0 0.49157049999999997 0.7477126176327327 0.01439145 0.07208037311251828 0.277012
0 0.2508225 0.9745250852411105 0.0444079 0.03555957077447638 0.279025
1 0.0807975 0.7815901081344374 0.057977 0.051417442766682905 0.280282
0 0.267064 0.7827915226497808 0.051398 0.04613136882610814 0.284027
1 0.1591285 0.6126824218217243 0.051809 0.062469556746225036 0.308872
0 0.2516445 0.6559303458353629 0.050987 0.04324817389186557 0.309417
0 0.3949425 0.9214259620068193 0.062911 0.04468977135898685 0.310625
1 0.0713405 0.7301731651242086 0.0448191 0.03796224987822698 0.326012
0 0.4233140000000001 0.7578036999512908 0.04317435 0.04420920555284949 0.337362
1 0.223273 0.5912983429128106 0.04523025 0.04853404792985874 0.337778
1 0.2950245 0.7265689215781782 0.03824015 0.04228709225523623 0.353463
0 0.1821545 0.8157084812469556 0.051809 0.04565085299561617 0.354722
0 0.1803045 0.8430986332196786 0.0365954 0.027390501802240626 0.364011
0 0.377056 0.88778835460302 0.0394737 0.03700121821724306 0.390787
0 0.4089225 0.8853860253287871 0.0316612 0.034117973307355096 0.393993
1 0.0768915 0.5908180769605456 0.04276315 0.06871651242084754 0.404965
1 0.164268 0.7510764783244033 0.0489309 0.05381977204091573 0.447346
1 0.4126235 0.641994637116415 0.0472862 0.03267637584023381 0.447752
1 0.094367 0.8647225952264979 0.0505755 0.04468977135898685 0.45176
0 0.371505 0.7541999561617146 0.0497533 0.0466118846566001 0.47217
0 0.0285773 0.7611675606429614 0.0464638 0.03748173404773502 0.480662
0 0.384046 0.8185915762299075 0.0411184 0.034117973307355096 0.493196
1 0.2648025 0.9452123701899658 0.04523025 0.031715294203604485 0.494747
1 0.19449 0.6403129566488066 0.0550985 0.05333950608865076 0.685584
1 0.8564964999999999 0.7517971271310278 0.050987 0.030273696736483197 0.252274
1 0.730469 0.8399751553823672 0.0546875 0.04324817389186557 0.267455
1 0.921875 0.7936037535314174 0.046875 0.04468977135898685 0.273468
1 0.54605265 0.5196986355577203 0.04769735 0.03988441315148563 0.274265
0 0.902138 0.8296436902094495 0.04276315 0.04180652644909888 0.274738
1 0.7905015 0.8450206965416464 0.04317435 0.03604013658061374 0.276098
0 0.6848274999999999 0.962271556746225 0.056332 0.049495129566488064 0.279658
1 0.7191609999999999 0.5514137798343887 0.0542765 0.03988441315148563 0.297331
0 0.8972040000000001 0.6588134408183147 0.04358555 0.031715294203604485 0.305289
0 0.5493420999999999 0.6412739883097905 0.050987 0.04757296629322942 0.307228
1 0.7421875 0.5900969283974672 0.0411184 0.04132601061860691 0.308323
1 0.764597 0.7928826049683391 0.053043 0.04324817389186557 0.310566
1 0.857936 0.6078767637603507 0.04810855 0.03940389732099367 0.311923
1 0.885074 0.7705379941548953 0.0365954 0.054300537749634684 0.317733
0 0.5851149999999999 0.9346405221626888 0.046875 0.04324817389186557 0.318447
1 0.5935445 0.8459817282026302 0.0448191 0.04565085299561617 0.320778
1 0.663857 0.5764016025328788 0.04235195 0.049495129566488064 0.323653
1 0.7189555 0.7366600038967365 0.04070725 0.04517028718947881 0.32601
1 0.7084705 0.6201302922552363 0.0501645 0.031234778373112518 0.326993
1 0.7012745 0.76284924111057 0.04317435 0.03507905494398442 0.328063
0 0.5446135000000001 0.5180168051631758 0.06044399999999999 0.0365206524111057 0.329752
1 0.53248355 0.9271921519727229 0.064967 0.0427676080857282 0.330515
0 0.9412005 0.7306534310764735 0.03536185 0.030273696736483197 0.341752
0 0.6700245 0.9149386234778373 0.03988485 0.04324817389186557 0.360593
1 0.598273 0.7921619561617146 0.03782895 0.04372868972235752 0.368482
0 0.857936 0.7263285387238188 0.0472862 0.028351583438869947 0.3691
1 0.8527959999999999 0.8082601110569897 0.0444079 0.03940389732099367 0.386148
1 0.53988485 0.8005713580126644 0.053453999999999995 0.05766439844130541 0.393664
1 0.5474918 0.6391115421334632 0.04564145 0.05958646176327326 0.395236
1 0.5483141500000001 0.5672715518753044 0.03988485 0.049495129566488064 0.395559
0 0.920847 0.7967272313687286 0.0439967 0.03748173404773502 0.399387
0 0.9078945 0.5985063302484169 0.0370066 0.034117973307355096 0.39971
1 0.860814 0.5937011719434974 0.0464638 0.03507905494398442 0.405689
1 0.728824 0.8241173833414516 0.0472862 0.0490145637603507 0.407403
0 0.681538 0.8911522152946907 0.0497533 0.04565085299561617 0.411982
0 0.9403785000000001 0.6143641022893327 0.0444079 0.04468977135898685 0.42049
1 0.6578945 0.6465599123234291 0.03782895 0.03988441315148563 0.429183
0 0.733758 0.9173414525085241 0.0464638 0.04709245046273746 0.431154
0 0.5925165 0.9046071583049197 0.055921000000000005 0.031234778373112518 0.440837
0 0.9294820000000001 0.5723170930345834 0.03577305 0.04228709225523623 0.445919
1 0.82463 0.7609271777886021 0.04317435 0.03988441315148563 0.45018
1 0.8248354999999999 0.7251276239649294 0.0419408 0.03267637584023381 0.484049
1 0.5308387999999999 0.8774568894301024 0.046875 0.051897708718947874 0.530811
0 0.902138 0.6355077983438869 0.0287829 0.029312615099853872 0.535169
1 0.6870890000000001 0.7171984880662445 0.046875 0.03604013658061374 0.542602
