1 0.47487 0.261259 0.03046875 0.05193 0.264609
1 0.421745 0.168658 0.0393229 0.04871325 0.273039
1 0.232422 0.200138 0.04453125 0.0537685 0.284571
0 0.222656 0.167739 0.03802085 0.0477941 0.306403
1 0.3334635 0.4524355 0.0450521 0.0556065 0.307633
1 0.3333335 0.16659 0.04635415 0.08318 0.308413
1 0.23007800000000003 0.172105 0.0502605 0.0537685 0.309126
1 0.364323 0.0661765 0.053125 0.0652575 0.318563
1 0.4397135 0.3265165 0.0424479 0.0445772 0.319926
1 0.457422 0.1034005 0.0466146 0.0422794 0.320786
0 0.3272135 0.459559 0.03984375 0.0625 0.323669
1 0.266276 0.47771149999999996 0.0315104 0.0445772 0.330577
1 0.293099 0.3129595 0.04765625 0.046875 0.33094
1 0.3371095 0.140625 0.0466146 0.078125 0.330963
1 0.3617185 0.331112 0.03854165 0.06112150000000001 0.348287
1 0.4015625 0.133502 0.03645835 0.059282999999999995 0.355986
1 0.339974 0.096737 0.0450521 0.057445 0.360603
1 0.490755 0.47449450000000004 0.0184896 0.051011 0.361042
1 0.4915365 0.3961395 0.016927100000000004 0.0588235 0.364844
1 0.2565105 0.3214615 0.0328125 0.0629595 0.37378
1 0.3820315 0.1746325 0.0453125 0.0569855 0.398401
0 0.2954425 0.48322600000000004 0.04296875 0.0335478 0.399161
1 0.473177 0.1622245 0.034375 0.03860295 0.421836
1 0.458203 0.091452 0.03359375 0.04503675 0.423825
1 0.339453 0.403952 0.0523435 0.0505515 0.423876
1 0.4253905 0.287684 0.0315104 0.0569855 0.433321
1 0.3502605 0.2141545 0.0359375 0.0569855 0.446327
1 0.388802 0.265395 0.0515625 0.065717 0.458076
1 0.323828 0.275965 0.0455729 0.057445 0.459056
1 0.2621095 0.2127755 0.03359375 0.03860295 0.494917
1 0.325521 0.3545495 0.03958335 0.057445 0.540428
1 0.3527345 0.050092 0.0554685 0.0808825 0.560292
1 0.3920575 0.4577205 0.054948 0.069853 0.605275
1 0.28932300000000005 0.092831 0.058854 0.094669 0.659273
1 0.4709635 0.04641545 0.050781 0.0891545 0.735614
1 0.352995 0.8837315 0.0403646 0.03860295 0.259056
1 0.34401050000000005 0.6932445 0.04166665 0.0537685 0.262318
1 0.416927 0.5459559 0.040625 0.0726105 0.265467
1 0.3822915 0.8423714999999999 0.03489585 0.0569855 0.267349
1 0.359245 0.757123 0.0393229 0.04641545 0.27042
1 0.2296875 0.846737 0.04583335 0.057445 0.285164
0 0.2958335 0.8828125 0.03854165 0.04871325 0.292287
0 0.2476565 0.9319855 0.025 0.0413603 0.297689
1 0.3983075 0.701057 0.0533855 0.0482537 0.301181
1 0.42161449999999995 0.7545955 0.046875 0.0579045 0.311254
0 0.2628905 0.889476 0.0481771 0.05193 0.311664
1 0.2610675 0.8841910000000001 0.0330729 0.046875 0.318582
1 0.290625 0.919807 0.034375 0.051011 0.31955
1 0.404427 0.794807 0.04270835 0.04733455 0.320316
1 0.3298175 0.5321691 0.0523435 0.0459559 0.327485
1 0.3666665 0.52159925 0.0552085 0.0422794 0.347401
1 0.281901 0.714844 0.054948 0.0684745 0.359975
1 0.315495 0.8506435 0.0341146 0.0569855 0.36251
0 0.252995 0.9664520000000001 0.03046875 0.0376838 0.373921
1 0.3947915 0.9779410000000002 0.03333335 0.04411765 0.37568
1 0.4285155 0.6773895 0.0466146 0.053309 0.382367
1 0.2552085 0.7431065 0.03697915 0.04871325 0.387518
1 0.4890625 0.9271599999999999 0.018229149999999996 0.058364 0.415648
1 0.3265625 0.671875 0.0484375 0.0836395 0.429851
1 0.3446615 0.8014705 0.04609375 0.0670955 0.430096
1 0.4329425 0.8545495 0.03359375 0.0556065 0.430896
1 0.310026 0.7840075000000001 0.0533855 0.0358456 0.435714
1 0.438021 0.713465 0.04895835 0.0445772 0.445104
1 0.208073 0.8687960000000001 0.025 0.04090075 0.446655
0 0.35911449999999995 0.7573529999999999 0.04635415 0.046875 0.469902
1 0.370052 0.9655329999999999 0.04739585 0.053309 0.510069
1 0.2790365 0.8308825000000001 0.0481771 0.085478 0.534378
0 0.818099 0.03377755 0.0497396 0.06020199999999999 0.255567
1 0.5464843500000001 0.449908 0.024739600000000004 0.04503675 0.264595
1 0.834505 0.183594 0.04765625 0.0721505 0.273895
1 0.5602865 0.484375 0.0330729 0.03125 0.280321
1 0.5171875 0.155331 0.03177085 0.0569855 0.283062
1 0.7604164999999999 0.433364 0.03229165 0.0376838 0.301466
1 0.6622395 0.06227 0.03958335 0.057445 0.308858
1 0.6458335000000001 0.234145 0.0645835 0.0390625 0.310414
1 0.7404949999999999 0.3099725 0.0315104 0.0390625 0.311469
1 0.5386718500000001 0.3515625 0.0424479 0.0523895 0.329883
1 0.9270835000000001 0.3090535 0.03125 0.0556065 0.330464
1 0.6824220000000001 0.0344669 0.03984375 0.0477941 0.338437
1 0.5519529999999999 0.1109835 0.0539065 0.051011 0.339407
0 0.8115884999999999 0.058134 0.0341146 0.051011 0.339479
0 0.8522135 0.132353 0.0356771 0.046875 0.343057
1 0.6048175 0.4526655 0.02734375 0.054228 0.343943
0 0.6177085000000001 0.12224250000000002 0.074479 0.0569855 0.345236
1 0.6877605 0.4476105 0.03645835 0.063419 0.345286
1 0.5641925000000001 0.386489 0.03359375 0.0413603 0.347344
1 0.5167969 0.2389705 0.03359375 0.055147 0.358084
1 0.51835935 0.29182 0.03046875 0.0670955 0.359498
1 0.6162759999999999 0.1670495 0.0393229 0.064798 0.360519
1 0.568229 0.346048 0.0453125 0.0422794 0.360972
1 0.860547 0.3692555 0.0419271 0.065717 0.364523
1 0.6759115 0.3111215 0.0523435 0.0735295 0.371174
1 0.8824219999999999 0.3308825 0.0393229 0.0514705 0.374538
1 0.5485677 0.216912 0.0403646 0.061581000000000004 0.383394
1 0.879427 0.2463235 0.02708335 0.0459559 0.385761
1 0.5608074999999999 0.446691 0.03515625 0.0477941 0.38912
1 0.7322915 0.0314798 0.04583335 0.0629595 0.39061
1 0.607552 0.0661765 0.0453125 0.04963235 0.40347
1 0.6615885 0.0857075 0.0440104 0.080423 0.407839
1 0.747526 0.292509 0.02421875 0.0390625 0.411163
1 0.908203 0.286535 0.04140625 0.058364 0.413124
1 0.7901039999999999 0.1525735 0.04479165 0.0505515 0.413171
0 0.66263 0.0827205 0.0450521 0.086397 0.415849
1 0.51914065 0.454044 0.03828125 0.054228 0.416838
1 0.933073 0.3483455 0.034375 0.055147 0.416918
1 0.666276 0.262408 0.050781 0.0514705 0.420608
1 0.5493489500000001 0.092601 0.03828125 0.058364 0.426992
1 0.7274740000000001 0.12431050000000002 0.0403646 0.0703125 0.430316
1 0.6557289999999999 0.180377 0.0572915 0.096048 0.435331
1 0.5453125 0.15602 0.040625 0.05193 0.440986
1 0.611719 0.24770200000000003 0.03177085 0.077206 0.450691
1 0.8221355 0.3692555 0.028125 0.04641545 0.455087
1 0.909505 0.211397 0.03359375 0.053309 0.461155
0 0.8679684999999999 0.186351 0.03072915 0.0629595 0.472971
1 0.7944010000000001 0.4326745 0.0481771 0.0684745 0.475287
1 0.5096354 0.3965995 0.01875 0.0505515 0.478769
1 0.845573 0.2277115 0.04895835 0.04733455 0.481669
1 0.5420573 0.3200825 0.0502605 0.0528495 0.485859
1 0.6417970000000001 0.4609375 0.0502605 0.078125 0.486046
1 0.7648440000000001 0.4319855 0.03697915 0.069853 0.497288
1 0.7895835000000001 0.100184 0.0390625 0.076287 0.498854
1 0.6145835000000001 0.12017450000000002 0.053125 0.058364 0.519579
1 0.7029949999999999 0.0891545 0.04140625 0.0836395 0.521055
1 0.7527345 0.081342 0.0528645 0.068934 0.533274
0 0.9602865 0.283088 0.022135399999999996 0.04411765 0.533375
1 0.8072914999999999 0.247013 0.04739585 0.0703125 0.543906
0 0.965755 0.246783 0.02265625 0.03308825 0.544765
0 0.6582030000000001 0.1819855 0.0523435 0.109375 0.552465
1 0.7345050000000001 0.193704 0.070052 0.067555 0.556639
0 0.878646 0.1337315 0.0296875 0.0413603 0.556763
1 0.5692710000000001 0.2693015 0.04739585 0.070772 0.563751
0 0.9458335000000001 0.243796 0.028645850000000004 0.0326287 0.567986
1 0.7410154999999999 0.4558825 0.04921875 0.0523895 0.5788
1 0.7821615000000001 0.298713 0.0466146 0.059742500000000004 0.610099
1 0.755729 0.336627 0.04583335 0.0491728 0.630589
1 0.53841145 0.0376838 0.0591145 0.0753675 0.637931
1 0.6403645 0.310662 0.0510415 0.079963 0.650385
1 0.6045575 0.459559 0.0424479 0.0808825 0.667084
0 0.728646 0.1330425 0.03697915 0.0795035 0.748505
1 0.6441405000000001 0.7405789999999999 0.0330729 0.0629595 0.250904
1 0.7583335000000001 0.6548714999999999 0.03072915 0.060662 0.255866
0 0.6875 0.52504595 0.02552085 0.0436581 0.256537
1 0.5201823 0.5165441 0.0356771 0.03308825 0.260114
0 0.8554689999999999 0.903263 0.02916665 0.0482537 0.260182
1 0.5584635 0.5427389499999999 0.02578125 0.0404412 0.262504
1 0.53515625 0.703355 0.0265625 0.0482537 0.263057
0 0.766276 0.8986675 0.02421875 0.0454963 0.266221
1 0.5192708500000001 0.917509 0.03854165 0.0381434 0.266353
1 0.8955730000000001 0.7867645 0.03072915 0.054228 0.268739
1 0.52447915 0.8315715 0.0359375 0.0381434 0.269832
0 0.776823 0.7483914999999999 0.03072915 0.057445 0.270981
1 0.54127605 0.5211397 0.02578125 0.0422794 0.272192
1 0.813672 0.8814339999999999 0.03046875 0.0680145 0.273425
0 0.8078125 0.51631435 0.0328125 0.0326287 0.278328
1 0.50872395 0.698759 0.0174479 0.04641545 0.278936
1 0.7104164999999999 0.7541359999999999 0.0375 0.0569855 0.279019
1 0.6519530000000001 0.6808365 0.04609375 0.0399816 0.279865
1 0.7458335 0.8943015000000001 0.0328125 0.054228 0.28272
1 0.847526 0.9441635 0.0315104 0.0565255 0.282726
1 0.7385415 0.9673714999999998 0.0296875 0.056066 0.285187
1 0.6766925 0.78125 0.0502605 0.0726105 0.294073
1 0.722526 0.9264705 0.02578125 0.0670955 0.294157
0 0.8511719999999999 0.9448529999999999 0.02890625 0.04319855 0.297048
0 0.8955730000000001 0.7840075000000001 0.028645850000000004 0.0459559 0.297643
1 0.5170572999999999 0.5091912000000001 0.0263021 0.01838235 0.298613
1 0.8192710000000001 0.7090995 0.02135415 0.0358456 0.299068
1 0.8295575 0.9246325000000001 0.0309896 0.0505515 0.302284
1 0.666276 0.54503675 0.029947899999999996 0.059742500000000004 0.302607
1 0.515625 0.7525275000000001 0.026041649999999996 0.0546875 0.304142
0 0.616927 0.669577 0.02916665 0.0404412 0.312567
0 0.7421875 0.671875 0.02291665 0.04963235 0.31824
1 0.839974 0.857537 0.04921875 0.03400735 0.324052
0 0.822526 0.815717 0.0205729 0.0514705 0.324774
1 0.889974 0.827206 0.0330729 0.054228 0.328708
1 0.7789065000000001 0.658088 0.03645835 0.04871325 0.330116
1 0.6897135 0.9505974999999999 0.0388021 0.03722425 0.331119
1 0.6894530000000001 0.946002 0.0190104 0.01976105 0.332512
1 0.7420574999999999 0.673713 0.02890625 0.0625 0.336107
1 0.7472654999999999 0.8733914999999999 0.03984375 0.057445 0.33615
0 0.873047 0.921875 0.0231771 0.04963235 0.337514
1 0.8212240000000001 0.710248 0.03359375 0.059282999999999995 0.337911
0 0.710156 0.7607995 0.03802085 0.06204049999999999 0.347956
1 0.8548175 0.9055605 0.0325521 0.04181985 0.348694
1 0.8735675 0.6755515000000001 0.0403646 0.0726105 0.363502
1 0.804948 0.746094 0.04166665 0.0546875 0.365036
1 0.628125 0.705423 0.03229165 0.053309 0.373396
1 0.6894530000000001 0.7261029999999999 0.03515625 0.0680145 0.388014
1 0.5509115 0.6847424999999999 0.024739600000000004 0.03860295 0.38981
0 0.7929689999999999 0.8361675 0.02760415 0.0399816 0.396963
1 0.7798175 0.8828125 0.0377604 0.04411765 0.401504
0 0.5640625 0.51493565 0.028125 0.0280331 0.405272
1 0.5216146 0.785156 0.03072915 0.050092 0.407507
1 0.7757809999999999 0.7495404999999999 0.028645850000000004 0.0808825 0.407516
1 0.51510415 0.5431985500000001 0.0296875 0.054228 0.414044
1 0.8085939999999999 0.7865349999999999 0.03958335 0.06020199999999999 0.416353
1 0.617448 0.7892925 0.04010415 0.0703125 0.427303
1 0.792448 0.8377755 0.03541665 0.0514705 0.44465
1 0.6166664999999999 0.670956 0.04166665 0.046875 0.4548
1 0.7078125 0.701976 0.02708335 0.04733455 0.459137
1 0.845703 0.7670035000000001 0.03359375 0.0735295 0.465612
1 0.8126300000000001 0.96875 0.0424479 0.0477941 0.466384
1 0.7855469999999999 0.9322150000000001 0.03671875 0.0693935 0.469149
1 0.696875 0.8336395 0.034375 0.0514705 0.471299
1 0.6041664999999999 0.703355 0.03072915 0.051011 0.471557
1 0.738281 0.8072150000000001 0.02708335 0.0390625 0.483576
1 0.51940105 0.6521140000000001 0.0388021 0.046875 0.50745
1 0.747005 0.735294 0.0346354 0.0523895 0.521365
1 0.8360675000000001 0.663373 0.02734375 0.0445772 0.544981
1 0.6347655000000001 0.860524 0.0315104 0.050092 0.545877
1 0.6398435 0.9590995 0.0390625 0.0413603 0.557627
1 0.647656 0.9145220000000001 0.0359375 0.0514705 0.558324
1 0.5278646 0.5951285000000001 0.03645835 0.0404412 0.559919
1 0.5828125 0.9581799999999999 0.03385415 0.04503675 0.566798
1 0.7696615 0.810202 0.0325521 0.04871325 0.583825
0 0.91862 0.7881435 0.03359375 0.0588235 0.586719
1 0.7270835000000001 0.5703125 0.03177085 0.0477941 0.591448
1 0.7188800000000001 0.629366 0.0315104 0.058364 0.700029
