1 0.244271 0.2872245 0.040625 0.056066 0.258168
1 0.363281 0.1900275 0.0359375 0.058364 0.258534
0 0.274349 0.2483915 0.0466146 0.051011 0.267707
1 0.235677 0.4641545 0.0296875 0.04963235 0.272199
1 0.4173175 0.3497245 0.03984375 0.061581000000000004 0.274659
0 0.4808595 0.1463695 0.0263021 0.057445 0.275119
1 0.4764325 0.1746325 0.0346354 0.0680145 0.279844
1 0.355729 0.2672335 0.04166665 0.051011 0.281324
1 0.453646 0.255285 0.04479165 0.0565255 0.282026
0 0.315495 0.079044 0.0408854 0.060662 0.282214
1 0.2578125 0.4076285 0.04010415 0.0514705 0.285545
1 0.1946615 0.3878675 0.04453125 0.055147 0.291654
1 0.311849 0.3733915 0.0450521 0.066636 0.296958
0 0.3777345 0.1475185 0.03515625 0.0569855 0.298294
0 0.3222655 0.285156 0.0393229 0.0335478 0.301416
1 0.4321615 0.1330425 0.0377604 0.059282999999999995 0.305407
0 0.1966145 0.383502 0.03802085 0.0491728 0.308733
1 0.2760415 0.250919 0.0421875 0.0652575 0.308859
0 0.3552085 0.265625 0.03645835 0.04411765 0.316864
1 0.213281 0.47725200000000007 0.04791665 0.0454963 0.33144
1 0.433073 0.0629595 0.04375 0.0588235 0.331618
1 0.40612 0.372932 0.04921875 0.04733455 0.363125
1 0.417969 0.2828585 0.04583335 0.0436581 0.369224
1 0.3929685 0.060662 0.04635415 0.0569855 0.385701
1 0.306901 0.431066 0.0450521 0.0505515 0.388124
1 0.3308595 0.4538145 0.0377604 0.0565255 0.388146
0 0.2847655 0.195772 0.0554685 0.0661765 0.406165
1 0.347396 0.223116 0.03854165 0.0381434 0.414002
1 0.2841145 0.4712775 0.03854165 0.0565255 0.422228
0 0.206771 0.434283 0.03385415 0.0625 0.434463
0 0.254427 0.1192555 0.04270835 0.04090075 0.460853
0 0.233203 0.088695 0.03046875 0.0625 0.467638
1 0.3166665 0.2419575 0.04583335 0.0436581 0.474226
1 0.405729 0.2421875 0.04583335 0.068934 0.484895
0 0.246875 0.290671 0.0390625 0.04733455 0.49376
1 0.2772135 0.4370405 0.054948 0.063419 0.503441
1 0.3846355 0.4067095 0.03385415 0.0514705 0.511415
1 0.394531 0.471737 0.04322915 0.0528495 0.516599
1 0.4329425 0.39568 0.0455729 0.0579045 0.568861
1 0.4816405 0.0471048 0.03671875 0.0785845 0.617608
1 0.42942699999999995 0.459559 0.04166665 0.054228 0.624967
1 0.346224 0.379366 0.0471354 0.0638785 0.63778
1 0.5153646000000001 0.0232077 0.03072915 0.04641545 0.252836
0 0.8214845 0.369715 0.02734375 0.0381434 0.253987
1 0.8621095 0.1546415 0.0341146 0.0445772 0.25431
0 0.691406 0.1298255 0.0296875 0.0565255 0.254715
1 0.6563800000000001 0.173943 0.0393229 0.065717 0.255913
1 0.7539060000000001 0.3494945 0.0453125 0.0693935 0.257316
1 0.5139323 0.4556525 0.0278646 0.058364 0.260497
1 0.728776 0.3205425 0.0440104 0.0556065 0.261804
1 0.6882815 0.392463 0.03645835 0.053309 0.263583
0 0.9177085 0.4308365 0.03489585 0.0344669 0.26534
1 0.824479 0.065487 0.0375 0.065717 0.271277
1 0.7434895 0.226103 0.04427085 0.04871325 0.280878
1 0.5247396 0.4069395 0.03645835 0.0693935 0.291339
1 0.8164060000000001 0.400965 0.050521 0.0482537 0.298585
0 0.936198 0.4443935 0.025 0.03400735 0.302685
1 0.8035155 0.357537 0.03203125 0.071691 0.305903
0 0.9279949999999999 0.193934 0.0252604 0.03400735 0.307157
0 0.5902345 0.0850185 0.0315104 0.04411765 0.308202
0 0.8971355 0.384191 0.028645850000000004 0.03308825 0.308577
1 0.6451825 0.1672795 0.03359375 0.064338 0.330052
0 0.8433594999999999 0.155101 0.0231771 0.04090075 0.337677
1 0.5507810000000001 0.3577665 0.03854165 0.0684745 0.341132
1 0.6553384999999999 0.4482995 0.0440104 0.05193 0.349764
1 0.6259115000000001 0.070772 0.0372396 0.055147 0.357051
0 0.923177 0.215533 0.03125 0.0523895 0.35738
1 0.8264324999999999 0.288603 0.0419271 0.04963235 0.358038
1 0.8572915 0.251838 0.03020835 0.04963235 0.363651
1 0.7813800000000001 0.203125 0.0497396 0.0505515 0.36373
1 0.878776 0.4423255 0.0486979 0.058364 0.364148
0 0.91888 0.4701285 0.0330729 0.0459559 0.371977
0 0.6485675000000001 0.170037 0.0346354 0.076287 0.384649
0 0.9384115000000001 0.4756435 0.0263021 0.0358456 0.386758
0 0.5958335 0.1493565 0.04427085 0.061581000000000004 0.386816
1 0.7359375 0.100184 0.028125 0.03952205 0.386826
1 0.5972655 0.1502755 0.0440104 0.055147 0.404495
0 0.8709635 0.2745865 0.0388021 0.0454963 0.406542
0 0.5110677 0.1318935 0.0205729 0.0753675 0.413384
0 0.9335939999999999 0.253906 0.03125 0.064798 0.416439
1 0.8320310000000001 0.3097425 0.04791665 0.056066 0.42092
1 0.7533855 0.2849265 0.04479165 0.04963235 0.421407
1 0.7197914999999999 0.382123 0.04791665 0.057445 0.421902
1 0.6440105 0.287684 0.04010415 0.04871325 0.42648
1 0.742969 0.422105 0.04322915 0.0629595 0.433273
1 0.5264323 0.2267925 0.03671875 0.051011 0.437227
1 0.7898434999999999 0.2454045 0.04375 0.03952205 0.453158
1 0.7990885 0.132123 0.0377604 0.065717 0.453596
1 0.7751300000000001 0.3733915 0.0434896 0.06204049999999999 0.456065
1 0.628125 0.2350645 0.04583335 0.0565255 0.460601
1 0.51640625 0.2670035 0.0328125 0.061581000000000004 0.461759
0 0.677474 0.172794 0.0315104 0.0670955 0.463535
1 0.8192710000000001 0.4402575 0.03802085 0.056066 0.466758
0 0.890625 0.21852 0.034375 0.04641545 0.486418
1 0.5658855 0.24034949999999997 0.0484375 0.079044 0.487911
0 0.824479 0.1994485 0.03020835 0.04319855 0.490811
1 0.661979 0.34352 0.053125 0.0850185 0.507734
1 0.6652345000000001 0.2256435 0.0471354 0.054228 0.527333
0 0.5419271 0.0376838 0.0390625 0.0753675 0.563459
0 0.9085934999999999 0.2431065 0.02916665 0.0505515 0.57156
1 0.5785155 0.2015165 0.0497396 0.0684745 0.579863
1 0.7303385 0.0755975 0.0408854 0.0454963 0.597426
1 0.7507809999999999 0.02734375 0.040625 0.0546875 0.605132
0 0.5292969 0.171645 0.0455729 0.059282999999999995 0.656689
1 0.2791665 0.6305145 0.04010415 0.04963235 0.280684
0 0.479948 0.921875 0.03020835 0.0900735 0.28215
0 0.189974 0.6144299999999999 0.029947899999999996 0.03952205 0.293931
0 0.203255 0.598116 0.02578125 0.03630515 0.303329
1 0.435547 0.776884 0.0434896 0.04641545 0.306632
1 0.471224 0.6907169999999999 0.0315104 0.0569855 0.31923
0 0.19075499999999998 0.6511950000000001 0.0309896 0.0413603 0.320787
1 0.402995 0.5209099500000001 0.057552 0.04181985 0.323272
0 0.2035155 0.7534465 0.02890625 0.0436581 0.341683
0 0.4597655 0.721048 0.0330729 0.055147 0.346383
0 0.2229165 0.54618565 0.0359375 0.065717 0.348103
1 0.3234375 0.6755515000000001 0.050521 0.0569855 0.363371
1 0.4208335 0.795726 0.04791665 0.0629595 0.372915
0 0.484505 0.7451745 0.0252604 0.06112150000000001 0.373937
0 0.3822915 0.580193 0.0421875 0.06112150000000001 0.379902
0 0.332422 0.9692095 0.054948 0.0422794 0.386803
0 0.279297 0.6344210000000001 0.0388021 0.051011 0.403683
1 0.420052 0.9076285000000001 0.04322915 0.0459559 0.420961
0 0.2164065 0.644531 0.03229165 0.04641545 0.421132
0 0.4733075 0.6930145 0.0278646 0.069853 0.441053
0 0.40651050000000005 0.8430605 0.04375 0.0491728 0.452275
0 0.220052 0.776884 0.03541665 0.0537685 0.453637
0 0.2859375 0.815487 0.04166665 0.065717 0.466236
1 0.356771 0.5390625 0.04583335 0.063419 0.470183
0 0.420703 0.8017005 0.04296875 0.059282999999999995 0.493462
1 0.4252605 0.5868565 0.03697915 0.0579045 0.496479
1 0.3772135 0.6702664999999999 0.0403646 0.059282999999999995 0.513648
0 0.36237 0.9276195 0.0523435 0.073989 0.546488
0 0.269401 0.67716 0.0377604 0.0546875 0.546746
1 0.3096355 0.586627 0.05 0.0684745 0.550183
1 0.4125 0.6486675 0.040625 0.050092 0.565645
0 0.2315105 0.607537 0.03541665 0.054228 0.570385
0 0.369922 0.8644299999999999 0.0424479 0.055147 0.572062
1 0.3403645 0.8060660000000001 0.0484375 0.0514705 0.600674
1 0.320703 0.6277575000000001 0.051302 0.0477941 0.669067
0 0.6692710000000001 0.7477020000000001 0.03802085 0.04411765 0.257471
1 0.8815105 0.6100645 0.03697915 0.06020199999999999 0.261056
0 0.7951824999999999 0.658318 0.0325521 0.0335478 0.261801
0 0.7944010000000001 0.9379595000000001 0.0388021 0.0505515 0.26251
0 0.6545574999999999 0.779182 0.02578125 0.03630515 0.269154
0 0.7809895 0.9308365 0.0390625 0.0537685 0.269578
1 0.8429690000000001 0.9391085000000001 0.03802085 0.0565255 0.275031
1 0.7841144999999999 0.935662 0.04322915 0.061581000000000004 0.27732
1 0.884896 0.6603859999999999 0.02291665 0.03492645 0.28179
1 0.8054684999999999 0.714384 0.04739585 0.0556065 0.284454
0 0.742578 0.71875 0.0268229 0.04503675 0.292298
0 0.7804690000000001 0.8253674999999999 0.03489585 0.0422794 0.312439
1 0.6832030000000001 0.920726 0.0455729 0.06020199999999999 0.325986
0 0.8423175 0.754366 0.02421875 0.0491728 0.37006
1 0.652344 0.8543200000000001 0.02135415 0.060662 0.371274
0 0.7773439999999999 0.850873 0.0265625 0.04641545 0.374359
1 0.6178385 0.925092 0.0361979 0.0523895 0.375736
0 0.8677085000000001 0.907399 0.03489585 0.051011 0.377623
0 0.7026039999999999 0.965763 0.04322915 0.059282999999999995 0.403311
0 0.8421875 0.7132355 0.028125 0.0404412 0.413862
1 0.7574219999999999 0.6760109999999999 0.0455729 0.046875 0.424148
0 0.8053385 0.6215535 0.0356771 0.051011 0.438784
0 0.8733074999999999 0.8492645 0.0346354 0.04871325 0.451907
0 0.89375 0.8276654999999999 0.03802085 0.04319855 0.452547
1 0.814323 0.8318015000000001 0.0375 0.0523895 0.457435
1 0.8135414999999999 0.762638 0.04375 0.04733455 0.465313
1 0.5365885499999999 0.8995865 0.0424479 0.0776655 0.471843
1 0.7054685 0.6516544999999999 0.046875 0.068934 0.473007
0 0.7059894999999999 0.65602 0.04895835 0.0703125 0.492541
1 0.6951824999999999 0.9021140000000001 0.0424479 0.061581000000000004 0.503724
1 0.7324219999999999 0.7886029999999999 0.03515625 0.0652575 0.512824
0 0.772005 0.725873 0.0341146 0.059282999999999995 0.522411
1 0.615625 0.980469 0.04947915 0.0390625 0.554917
1 0.53684895 0.6760109999999999 0.0502605 0.095588 0.557948
1 0.679427 0.8380055 0.03958335 0.058364 0.559189
1 0.6464844999999999 0.6842830000000001 0.0533855 0.0680145 0.577499
0 0.8923175000000001 0.7934285 0.04140625 0.051011 0.610254
0 0.8328125 0.8784465 0.0390625 0.057445 0.610583
0 0.8322915 0.6213234999999999 0.026041649999999996 0.0514705 0.615367
1 0.648828 0.6004135 0.057552 0.0721505 0.632802
