0 0.4910155 0.097656 0.0143229 0.06204049999999999 0.25514
0 0.3270835 0.1286765 0.04114585 0.054228 0.313632
0 0.3201825 0.4096965 0.0450521 0.073989 0.31834
0 0.477995 0.331112 0.0434896 0.0629595 0.34486
0 0.275651 0.0992645 0.0309896 0.0321691 0.3535
0 0.23112000000000002 0.0390625 0.03515625 0.04319855 0.356417
0 0.423177 0.261719 0.04583335 0.0454963 0.359677
0 0.421354 0.4037225 0.0484375 0.0721505 0.370429
0 0.457031 0.219669 0.03489585 0.0459559 0.374933
0 0.2589845 0.2286305 0.0341146 0.0638785 0.38239
0 0.2285155 0.1463695 0.0393229 0.03722425 0.38409
0 0.479948 0.03125 0.04010415 0.0625 0.384204
0 0.308594 0.0326287 0.03854165 0.04319855 0.404372
0 0.272005 0.262408 0.0325521 0.055147 0.407758
0 0.3035155 0.3920035 0.04453125 0.077206 0.420271
0 0.2046875 0.03952205 0.03333335 0.0358456 0.436008
0 0.434245 0.06020199999999999 0.0356771 0.059742500000000004 0.436012
1 0.2609375 0.425092 0.03177085 0.063419 0.439189
0 0.257422 0.12155350000000001 0.02890625 0.0344669 0.446919
0 0.286979 0.126149 0.0328125 0.0445772 0.453871
0 0.308724 0.0723805 0.0377604 0.04733455 0.45722
0 0.4214845 0.206112 0.0361979 0.0482537 0.471218
0 0.4102865 0.164522 0.0356771 0.060662 0.471415
0 0.3865885 0.102941 0.029947899999999996 0.059742500000000004 0.505258
0 0.3397135 0.2483915 0.0471354 0.057445 0.51182
0 0.4783855 0.3952205 0.0421875 0.085478 0.518969
0 0.21875 0.01194855 0.03697915 0.02389705 0.531896
0 0.231901 0.184283 0.0424479 0.046875 0.554977
0 0.2333335 0.0942095 0.0359375 0.0477941 0.564806
0 0.196224 0.163603 0.0361979 0.0661765 0.587327
0 0.414974 0.0891545 0.0419271 0.0726105 0.58786
0 0.393229 0.02182905 0.04895835 0.0436581 0.606787
0 0.2584635 0.0335478 0.0466146 0.0670955 0.617249
0 0.222656 0.24034949999999997 0.04947915 0.078125 0.751196
0 0.8640625 0.1569395 0.02708335 0.0298713 0.254019
0 0.51940105 0.314568 0.0330729 0.04733455 0.255506
0 0.8220050000000001 0.4434745 0.03359375 0.0625 0.285483
0 0.9169269999999999 0.167739 0.026041649999999996 0.0358456 0.296294
0 0.7433595000000001 0.06204049999999999 0.0481771 0.04411765 0.29785
0 0.51497395 0.0413603 0.0294271 0.0505515 0.301003
0 0.8803385000000001 0.47771149999999996 0.0502605 0.0445772 0.306336
0 0.566927 0.057215 0.03020835 0.050092 0.31212
0 0.5834635 0.1996785 0.0356771 0.058364 0.320343
0 0.858203 0.0953585 0.03203125 0.03722425 0.328779
0 0.51171875 0.1794575 0.021875 0.03538605 0.333772
0 0.8045574999999999 0.136719 0.0294271 0.04181985 0.338321
0 0.659505 0.02504595 0.0403646 0.04641545 0.33997
0 0.5563800000000001 0.237362 0.0403646 0.04733455 0.341409
0 0.928255 0.33318 0.024739600000000004 0.055147 0.348907
0 0.5342448 0.3191635 0.0502605 0.06204049999999999 0.357803
0 0.6684895 0.0659465 0.04322915 0.0436581 0.368845
0 0.8516925000000001 0.1806065 0.0236979 0.0376838 0.379718
0 0.6427085 0.0806525 0.02760415 0.0454963 0.386361
0 0.7303385 0.130055 0.0278646 0.0413603 0.386868
0 0.52395835 0.21875 0.03802085 0.0477941 0.387611
0 0.51302085 0.1086855 0.02552085 0.04090075 0.388509
0 0.746745 0.261259 0.0252604 0.04181985 0.404836
0 0.6565105 0.252298 0.052604 0.0680145 0.421389
0 0.91875 0.2787225 0.02760415 0.059282999999999995 0.421761
0 0.809505 0.1495865 0.0361979 0.04733455 0.430299
0 0.795573 0.087316 0.03229165 0.0413603 0.436245
0 0.6583335 0.4034925 0.02708335 0.0670955 0.442056
0 0.5539065 0.37523 0.04479165 0.064798 0.446508
0 0.6540365 0.122932 0.0419271 0.0546875 0.449846
0 0.8614585 0.060432 0.0359375 0.0445772 0.461219
0 0.896224 0.105009 0.0263021 0.04273895 0.461615
0 0.8471355 0.378906 0.03177085 0.0556065 0.462597
0 0.746094 0.1004135 0.0296875 0.0436581 0.467667
0 0.6597655000000001 0.341682 0.0268229 0.0546875 0.482283
0 0.818229 0.189568 0.03020835 0.04273895 0.496777
0 0.5553385 0.1994485 0.0325521 0.046875 0.500126
0 0.947526 0.4590995 0.04609375 0.0459559 0.503169
0 0.8951825 0.143612 0.02734375 0.04273895 0.528174
0 0.835677 0.081342 0.03333335 0.04871325 0.538966
0 0.5441406499999999 0.02849265 0.0570315 0.0514705 0.539106
0 0.771875 0.02297795 0.04739585 0.0459559 0.539971
0 0.6924480000000001 0.441636 0.04166665 0.0670955 0.540116
0 0.8240885 0.308594 0.024739600000000004 0.04090075 0.545734
0 0.7320315 0.02619485 0.050521 0.0523895 0.56469
0 0.7665365000000001 0.2288605 0.0283854 0.03952205 0.564854
0 0.7710940000000001 0.1089155 0.03229165 0.04871325 0.577033
0 0.839974 0.1339615 0.0330729 0.0454963 0.579905
0 0.9147135 0.2109375 0.0278646 0.04871325 0.584868
0 0.910677 0.4340535 0.0604165 0.08318 0.593353
0 0.830078 0.263787 0.029947899999999996 0.03952205 0.594568
0 0.715104 0.101103 0.03385415 0.04503675 0.596347
0 0.8104165 0.060662 0.0265625 0.0376838 0.612562
0 0.76875 0.2840075 0.02916665 0.053309 0.613728
0 0.8815105 0.188649 0.0265625 0.04733455 0.618465
0 0.6472654999999999 0.460248 0.0471354 0.0684745 0.622364
0 0.52773435 0.417739 0.0523435 0.125919 0.645443
0 0.9436199999999999 0.297794 0.0408854 0.079963 0.652672
0 0.729948 0.460248 0.04427085 0.0767465 0.656011
0 0.8895835000000001 0.3809745 0.050521 0.0827205 0.657303
0 0.60612 0.0797335 0.0591145 0.0850185 0.671019
0 0.892448 0.3079045 0.053646 0.068934 0.672223
0 0.6272135 0.3745405 0.051823 0.0827205 0.672388
0 0.9536460000000001 0.400046 0.0583335 0.1006435 0.67737
0 0.697656 0.359145 0.0635415 0.089614 0.69282
0 0.8539059999999999 0.289522 0.02760415 0.0413603 0.694875
0 0.555078 0.1305145 0.0679685 0.0900735 0.726465
0 0.305599 0.617877 0.0330729 0.04273895 0.25345
0 0.3184895 0.7745865 0.034375 0.04273895 0.253636
0 0.4929685 0.5822609999999999 0.01197915 0.0367647 0.263814
0 0.3203125 0.6109835 0.0390625 0.04090075 0.305894
0 0.4045575 0.747013 0.0283854 0.0399816 0.320079
0 0.240104 0.9735755 0.03645835 0.04090075 0.327381
0 0.317969 0.7541359999999999 0.0421875 0.053309 0.336604
0 0.288151 0.6328125 0.0325521 0.0579045 0.345945
0 0.22487 0.8651195 0.0236979 0.0298713 0.351759
0 0.2571615 0.5546875 0.0330729 0.0477941 0.361192
0 0.246094 0.8800549999999999 0.02552085 0.04411765 0.380799
0 0.4591145 0.8462775000000001 0.03385415 0.050092 0.38955
0 0.271224 0.627068 0.03203125 0.04733455 0.396762
0 0.264323 0.8864890000000001 0.0296875 0.0588235 0.399873
0 0.4253905 0.7433365 0.0263021 0.03538605 0.414873
0 0.3295575 0.564338 0.0325521 0.0459559 0.415467
0 0.32057300000000005 0.970818 0.0583335 0.0399816 0.431234
0 0.2908855 0.7902115 0.026041649999999996 0.0482537 0.456766
0 0.3328125 0.8995865 0.03697915 0.064798 0.463901
0 0.485547 0.8056065 0.02890625 0.078125 0.47049
0 0.3915365 0.5569855 0.03046875 0.0505515 0.470683
0 0.290104 0.5815715 0.028125 0.0482537 0.47652
0 0.4427085 0.920726 0.02447915 0.04733455 0.479481
0 0.4615885 0.917969 0.0341146 0.0537685 0.489489
0 0.4816405 0.6183365 0.02890625 0.0629595 0.5044
0 0.2777345 0.8219210000000001 0.0346354 0.058364 0.505244
0 0.4183595 0.7890625 0.03984375 0.0505515 0.514011
0 0.286328 0.7369025 0.029947899999999996 0.04641545 0.527851
0 0.371354 0.600873 0.03072915 0.04733455 0.540343
0 0.24544249999999998 0.6013325 0.03046875 0.0565255 0.547408
0 0.4908855 0.9349724999999999 0.018229149999999996 0.05193 0.573696
0 0.2559895 0.5236673000000001 0.04166665 0.0390625 0.575911
0 0.227995 0.8207720000000001 0.0263021 0.061581000000000004 0.578598
0 0.411849 0.5684745 0.0278646 0.04503675 0.579837
0 0.2315105 0.5650275 0.03229165 0.03722425 0.585501
0 0.328906 0.71875 0.03958335 0.070772 0.589531
0 0.264974 0.9489890000000001 0.0419271 0.064338 0.594799
0 0.4766925 0.875919 0.0325521 0.055147 0.623654
0 0.459375 0.800781 0.03489585 0.06204049999999999 0.631117
0 0.298177 0.9096965 0.04010415 0.0684745 0.642094
0 0.40638 0.6135109999999999 0.0263021 0.0505515 0.652604
0 0.31888 0.8042279999999999 0.0377604 0.053309 0.663091
0 0.73112 0.673943 0.02890625 0.03722425 0.250064
0 0.7338539999999999 0.934513 0.03697915 0.0546875 0.255702
0 0.5332031 0.7173714999999999 0.0231771 0.0422794 0.290173
0 0.645052 0.9469210000000001 0.034375 0.05193 0.29839
0 0.8817710000000001 0.6537225 0.0296875 0.0399816 0.298638
0 0.5091146 0.808134 0.018229149999999996 0.0693935 0.30735
0 0.7572914999999999 0.6433825000000001 0.03802085 0.0579045 0.312712
0 0.7290365 0.7630974999999999 0.03359375 0.04273895 0.355165
0 0.8190105 0.5994945 0.03489585 0.05193 0.356352
0 0.6787759999999999 0.944623 0.0346354 0.0445772 0.402734
1 0.6242185 0.6059285 0.03541665 0.0399816 0.410821
0 0.8859375 0.5992645 0.03489585 0.04503675 0.413121
0 0.8908855 0.62477 0.02447915 0.0390625 0.428107
0 0.6953125 0.7994025000000001 0.028125 0.04733455 0.432038
0 0.8326825 0.702895 0.0372396 0.0546875 0.450562
0 0.5114583500000001 0.5868565 0.02291665 0.056066 0.453187
0 0.6988280000000001 0.90648 0.0283854 0.04641545 0.463012
0 0.9358074999999999 0.5454962999999999 0.082552 0.087316 0.470661
0 0.586719 0.9634650000000001 0.075 0.06020199999999999 0.478473
0 0.6699219999999999 0.893612 0.029947899999999996 0.04641545 0.507484
0 0.6589845000000001 0.6702664999999999 0.0450521 0.03722425 0.507762
0 0.7190105 0.6422335000000001 0.03645835 0.04273895 0.515742
0 0.5675779999999999 0.9165900000000001 0.0315104 0.0482537 0.52868
0 0.7152344999999999 0.7984835000000001 0.0283854 0.0445772 0.538644
0 0.898698 0.8228400000000001 0.04895835 0.057445 0.542422
0 0.798177 0.7233455000000001 0.0453125 0.0661765 0.545849
0 0.746875 0.8097424999999999 0.04166665 0.04503675 0.547992
0 0.5308594 0.5576745 0.03203125 0.0546875 0.54846
0 0.7882815000000001 0.953355 0.072396 0.08318 0.548715
0 0.7074219999999999 0.6079964999999999 0.0372396 0.04411765 0.55155
0 0.51822915 0.7256435 0.02916665 0.046875 0.553769
0 0.550651 0.7713695 0.0388021 0.058364 0.563329
0 0.5283854 0.6482075 0.03333335 0.04641545 0.57449
0 0.83737 0.8141085000000001 0.0424479 0.07307 0.579203
0 0.5493489500000001 0.6029410000000001 0.03671875 0.053309 0.587267
0 0.7464844999999999 0.5886950000000001 0.0440104 0.0579045 0.593343
0 0.7222655000000001 0.846967 0.0315104 0.04411765 0.611408
0 0.6584635 0.7024355 0.03828125 0.05193 0.611984
0 0.9304684999999999 0.8690255 0.03697915 0.0891545 0.613651
0 0.8214845 0.65602 0.03984375 0.06204049999999999 0.622352
0 0.5752605000000001 0.8276654999999999 0.04375 0.0588235 0.626857
0 0.8009115 0.84398 0.0497396 0.1024815 0.63652
0 0.7665365000000001 0.8913145 0.04140625 0.0942095 0.645994
0 0.528125 0.8485755 0.034375 0.074908 0.679403
0 0.6591144999999999 0.6243105 0.03697915 0.067555 0.685116
0 0.777995 0.6769299999999999 0.0388021 0.0753675 0.701416
0 0.8949219999999999 0.873851 0.04921875 0.075827 0.724198
0 0.52122395 0.9375 0.0372396 0.079044 0.747082
