1 0.628255 0.252298 0.03671875 0.0477941 0.255909
0 0.574479 0.0903035 0.02291665 0.04273895 0.257097
1 0.635156 0.153952 0.0390625 0.059742500000000004 0.257221
1 0.5080728999999999 0.09398 0.01614585 0.051011 0.267751
0 0.7097654999999999 0.3545495 0.02890625 0.04641545 0.270294
0 0.740755 0.403033 0.0283854 0.0459559 0.282073
1 0.6880210000000001 0.1785385 0.03854165 0.05193 0.295586
1 0.5694009999999999 0.371783 0.03203125 0.0413603 0.297417
0 0.5079427 0.0962775 0.0158854 0.0454963 0.300578
1 0.56875 0.3892465 0.03229165 0.04503675 0.323726
1 0.572396 0.2807905 0.03177085 0.04871325 0.332718
1 0.6645835000000001 0.3878675 0.034375 0.0413603 0.358077
1 0.5173177 0.1537225 0.0346354 0.06112150000000001 0.360927
1 0.7270835000000001 0.2715995 0.026041649999999996 0.04411765 0.360984
1 0.5798175000000001 0.237362 0.04140625 0.059282999999999995 0.394324
0 0.735026 0.3653495 0.0325521 0.04503675 0.396398
1 0.7546875 0.2378215 0.03697915 0.057445 0.401735
1 0.5097656 0.2869945 0.01953125 0.0693935 0.40976
1 0.6563800000000001 0.2755055 0.04140625 0.051011 0.410822
0 0.6923175 0.401884 0.02890625 0.0454963 0.412538
1 0.5630210000000001 0.04273895 0.03958335 0.061581000000000004 0.420429
1 0.6527344999999999 0.316866 0.024739600000000004 0.0344669 0.524813
1 0.5378906000000001 0.417509 0.0268229 0.0436581 0.58992
1 0.2290365 0.173943 0.054427 0.064798 0.25026
0 0.23867199999999997 0.1148895 0.029947899999999996 0.04503675 0.256719
1 0.1572915 0.297105 0.02916665 0.03538605 0.261598
0 0.4891925 0.4285385 0.01796875 0.0491728 0.261962
0 0.1484375 0.285386 0.028125 0.0367647 0.267454
1 0.477995 0.372013 0.02421875 0.0445772 0.270228
1 0.3351565 0.467831 0.028125 0.0376838 0.270934
1 0.2528645 0.3724725 0.03802085 0.0546875 0.271577
1 0.461979 0.2798715 0.03229165 0.0376838 0.274283
0 0.443229 0.4464615 0.03385415 0.0390625 0.280036
0 0.298177 0.387638 0.0265625 0.0482537 0.287258
0 0.3423175 0.02711395 0.0330729 0.0459559 0.289161
0 0.2052085 0.3671875 0.021875 0.03492645 0.292316
0 0.1966145 0.293658 0.025 0.0459559 0.301724
0 0.3708335 0.068704 0.04375 0.0445772 0.301974
0 0.478125 0.1902575 0.026041649999999996 0.04319855 0.306744
0 0.168229 0.457031 0.03385415 0.0381434 0.308493
0 0.473047 0.2215075 0.0252604 0.04319855 0.309568
0 0.231771 0.059742500000000004 0.03958335 0.0579045 0.31398
1 0.358594 0.1746325 0.04947915 0.054228 0.328882
1 0.275 0.410616 0.02916665 0.03079045 0.330063
1 0.4596355 0.148897 0.04166665 0.04319855 0.333858
0 0.358203 0.175781 0.0533855 0.064798 0.33504
1 0.23867199999999997 0.1148895 0.0325521 0.0523895 0.335473
1 0.442578 0.4485295 0.0315104 0.0413603 0.337339
0 0.472656 0.470818 0.04010415 0.04733455 0.341594
0 0.4665365 0.04159005 0.0268229 0.0445772 0.347833
1 0.3078125 0.283318 0.04166665 0.04641545 0.358605
0 0.1928385 0.353171 0.0252604 0.0399816 0.365646
1 0.29661449999999995 0.3890165 0.03333335 0.04273895 0.371143
1 0.234505 0.3235295 0.051823 0.046875 0.381808
0 0.4446615 0.09398 0.02578125 0.04641545 0.395128
1 0.285026 0.2433365 0.0361979 0.051011 0.413932
1 0.3714845 0.4432445 0.0502605 0.0546875 0.417265
1 0.22304699999999997 0.423943 0.02421875 0.0436581 0.428353
0 0.3673175 0.03308825 0.03828125 0.046875 0.434292
1 0.179297 0.204963 0.02578125 0.04411765 0.437232
0 0.3647135 0.39568 0.03515625 0.0422794 0.478483
0 0.441276 0.0523895 0.0346354 0.04503675 0.517953
0 0.472526 0.0971965 0.04296875 0.0454963 0.521007
1 0.3923175 0.265625 0.0252604 0.059742500000000004 0.538243
1 0.1833335 0.4225645 0.0234375 0.050092 0.545291
1 0.2954425 0.169577 0.0356771 0.0413603 0.588494
1 0.271354 0.5608915 0.04114585 0.06020199999999999 0.25591
1 0.250651 0.60409 0.03671875 0.03170955 0.262465
1 0.3108075 0.6953125 0.02890625 0.046875 0.266788
1 0.445703 0.5886950000000001 0.0377604 0.04963235 0.268167
1 0.252604 0.610294 0.04739585 0.0625 0.272241
0 0.297005 0.863281 0.0325521 0.0390625 0.277412
0 0.4727865 0.608456 0.0278646 0.046875 0.280477
1 0.35911449999999995 0.5882355 0.04635415 0.0569855 0.295386
1 0.283203 0.6194855 0.03984375 0.0413603 0.29742
1 0.483203 0.8478859999999999 0.0283854 0.04871325 0.306685
1 0.471224 0.5434283 0.0294271 0.0528495 0.310889
0 0.2941405 0.9002755 0.0252604 0.02941175 0.312182
1 0.296745 0.861443 0.0341146 0.0399816 0.320221
0 0.4910155 0.8892464999999999 0.0138021 0.0505515 0.326386
0 0.3953125 0.7244945 0.02916665 0.0491728 0.327851
1 0.38138 0.8763785000000001 0.0440104 0.0459559 0.346822
1 0.1766925 0.6994484999999999 0.0361979 0.055147 0.35435
1 0.389974 0.6109835 0.0231771 0.0390625 0.374197
1 0.1727865 0.5599725 0.0388021 0.0785845 0.381801
1 0.230469 0.7136950000000001 0.04322915 0.04871325 0.388766
0 0.23125 0.6470589999999999 0.03645835 0.0358456 0.392839
1 0.296354 0.9028035 0.021875 0.0344669 0.398409
1 0.229427 0.5829505 0.04479165 0.064798 0.41428
0 0.371875 0.7787224999999999 0.03229165 0.0390625 0.422597
1 0.459896 0.8841910000000001 0.04166665 0.0404412 0.426022
0 0.466927 0.7527575000000001 0.020833350000000004 0.0367647 0.438954
0 0.3641925 0.715763 0.0377604 0.0528495 0.455658
0 0.27317699999999995 0.9643840000000001 0.02447915 0.03630515 0.472995
0 0.2440105 0.7757355 0.03333335 0.04411765 0.494316
0 0.240104 0.821002 0.02291665 0.0390625 0.500985
1 0.4615885 0.8340995 0.0283854 0.0505515 0.563265
0 0.285156 0.9338234999999999 0.021875 0.0321691 0.573167
0 0.146354 0.7254135 0.02552085 0.03630515 0.590306
1 0.6485675000000001 0.6973805 0.0309896 0.0445772 0.254636
1 0.5958335 0.566866 0.03177085 0.04273895 0.254672
1 0.5854164999999999 0.5298712999999999 0.04427085 0.046875 0.257999
0 0.5983075 0.8382355 0.0315104 0.03952205 0.258436
1 0.561198 0.588465 0.02291665 0.0445772 0.27168
0 0.5395833499999999 0.8798255 0.0265625 0.0436581 0.290981
1 0.575651 0.5889245 0.03515625 0.03722425 0.292127
0 0.7023435 0.7881435 0.03645835 0.0413603 0.302671
0 0.5231771000000001 0.7881435 0.02552085 0.04411765 0.30537
1 0.5986980000000001 0.840533 0.02760415 0.0459559 0.308822
1 0.50989585 0.7562039999999999 0.01979165 0.0381434 0.309173
1 0.6649740000000001 0.5896140000000001 0.02890625 0.0376838 0.312711
1 0.5075521000000001 0.810432 0.01510415 0.050092 0.313709
1 0.6875 0.832031 0.0375 0.0528495 0.330209
1 0.644271 0.564568 0.03489585 0.04090075 0.338464
1 0.5514325 0.553079 0.0377604 0.050092 0.359578
0 0.714844 0.54733455 0.025 0.03952205 0.361212
1 0.6720050000000001 0.5659465 0.0294271 0.04090075 0.372909
1 0.5604165 0.6819855 0.03020835 0.03952205 0.374418
0 0.711719 0.7552849999999999 0.03645835 0.0482537 0.374823
0 0.697396 0.626149 0.028125 0.0326287 0.376011
0 0.6877605 0.7348345000000001 0.0265625 0.0459559 0.390626
0 0.5584635 0.8474265000000001 0.0330729 0.0505515 0.408207
0 0.7298175 0.704963 0.0346354 0.0413603 0.424469
1 0.5902345 0.7904410000000001 0.0450521 0.0735295 0.467311
0 0.721745 0.5859375 0.02734375 0.04319855 0.488831
1 0.5826825 0.6213234999999999 0.04453125 0.04503675 0.522718
1 0.6678385 0.7711395 0.0403646 0.0459559 0.523006
0 0.6980470000000001 0.609605 0.02109375 0.03079045 0.523093
1 0.5438802 0.6135109999999999 0.0236979 0.054228 0.525949
0 0.592448 0.873851 0.025 0.0436581 0.534486
