0 0.243099 0.8837315 0.0341146 0.0422794 0.263043
0 0.4265625 0.746094 0.03125 0.0399816 0.268176
0 0.244401 0.591912 0.0393229 0.0376838 0.284251
0 0.3160155 0.7224265000000001 0.02890625 0.04319855 0.299535
0 0.215625 0.8267464999999999 0.0265625 0.04319855 0.302544
0 0.4959635 0.8669575 0.0075521 0.05193 0.303402
0 0.494271 0.5831799999999999 0.0109375 0.0477941 0.32618
0 0.3221355 0.615579 0.03333335 0.04273895 0.34432
0 0.2658855 0.754366 0.03541665 0.04090075 0.351402
0 0.3983075 0.768842 0.0346354 0.053309 0.353701
0 0.4209635 0.8037685 0.0325521 0.04411765 0.35999
0 0.22981749999999998 0.8545495 0.0361979 0.04733455 0.377153
0 0.285547 0.7918200000000001 0.0393229 0.0514705 0.391729
0 0.4148435 0.5712315 0.03333335 0.055147 0.399692
0 0.2272135 0.892693 0.02734375 0.0546875 0.419147
0 0.42942699999999995 0.96898 0.03177085 0.0454963 0.422247
0 0.227474 0.5739890000000001 0.02421875 0.0422794 0.424837
0 0.4458335 0.8203125 0.0328125 0.061581000000000004 0.434614
0 0.263672 0.7182904999999999 0.0450521 0.04503675 0.438495
0 0.3852865 0.569623 0.03046875 0.0546875 0.439162
0 0.485026 0.6208640000000001 0.0283854 0.0808825 0.448279
0 0.271354 0.894531 0.0328125 0.0528495 0.454568
0 0.32513 0.7327664999999999 0.0403646 0.065717 0.466104
0 0.436849 0.924173 0.0283854 0.04963235 0.492308
0 0.3209635 0.5682445 0.0315104 0.0482537 0.49831
0 0.364974 0.6068475 0.03046875 0.0436581 0.504404
0 0.296224 0.928998 0.0497396 0.0537685 0.505816
0 0.219401 0.5344669 0.03671875 0.0523895 0.551405
0 0.435547 0.8694855 0.0356771 0.04503675 0.561685
0 0.2847655 0.6502755 0.0341146 0.046875 0.564024
0 0.468229 0.8343289999999999 0.03802085 0.058364 0.591568
0 0.3040365 0.8568474999999999 0.0419271 0.05193 0.598632
0 0.255729 0.5551470000000001 0.040625 0.0569855 0.600398
0 0.258203 0.84375 0.03515625 0.0569855 0.605635
0 0.200521 0.8947609999999999 0.03125 0.0459559 0.629881
0 0.394271 0.6256895 0.0359375 0.03630515 0.63035
0 0.242448 0.9517464999999998 0.04791665 0.077206 0.647567
0 0.285026 0.5797335 0.0315104 0.0638785 0.671989
0 0.477604 0.9131435 0.04479165 0.087316 0.674937
1 0.2602865 0.4276195 0.029947899999999996 0.057445 0.251239
1 0.3184895 0.12408099999999998 0.059375 0.0588235 0.258342
0 0.4316405 0.2465535 0.0393229 0.051011 0.278799
0 0.2958335 0.373162 0.034375 0.04871325 0.280072
1 0.4045575 0.408318 0.0596355 0.096048 0.282068
0 0.241797 0.236673 0.03828125 0.0422794 0.288222
0 0.45286449999999995 0.190717 0.028125 0.03492645 0.289857
0 0.2597655 0.117647 0.03046875 0.0477941 0.308828
0 0.4147135 0.077206 0.0377604 0.0514705 0.309185
0 0.3941405 0.1764705 0.0356771 0.055147 0.330131
0 0.459505 0.223805 0.0393229 0.0514705 0.349428
1 0.315104 0.0680145 0.053646 0.060662 0.357481
0 0.4084635 0.405101 0.061719 0.0932905 0.373055
0 0.2596355 0.4278495 0.03541665 0.0579045 0.376303
0 0.2920575 0.387408 0.04921875 0.04871325 0.379599
0 0.480078 0.0388327 0.03984375 0.0556065 0.403406
0 0.2122395 0.21875 0.03541665 0.0477941 0.404518
0 0.435547 0.05997249999999999 0.0393229 0.0776655 0.447914
0 0.215625 0.03377755 0.0359375 0.059282999999999995 0.452464
0 0.3927085 0.1013325 0.03697915 0.0556065 0.476312
0 0.4139325 0.16682 0.0372396 0.04319855 0.508918
0 0.3953125 0.01861215 0.0572915 0.03722425 0.512128
0 0.297526 0.4234835 0.03671875 0.051011 0.519967
0 0.3334635 0.2454045 0.0570315 0.0652575 0.5326
0 0.171875 0.03630515 0.055729 0.0726105 0.55806
0 0.463151 0.3690255 0.04921875 0.1507355 0.596648
0 0.230469 0.1744025 0.0578125 0.0877755 0.628032
0 0.2579425 0.02757355 0.0440104 0.055147 0.653617
0 0.410547 0.2159925 0.0408854 0.0579045 0.688688
0 0.213281 0.1038605 0.0645835 0.0909925 0.71378
0 0.5820310000000001 0.188419 0.03958335 0.0753675 0.26295
1 0.8285155000000001 0.393612 0.024739600000000004 0.04090075 0.267767
0 0.6940105 0.4338235 0.0578125 0.0670955 0.283246
0 0.5541664999999999 0.380285 0.04583335 0.0767465 0.288096
0 0.8453125 0.1316635 0.03229165 0.04090075 0.288404
1 0.7479165 0.261719 0.02395835 0.0399816 0.294688
0 0.8207030000000001 0.137408 0.0346354 0.0459559 0.295085
0 0.727995 0.0549175 0.03203125 0.0436581 0.298966
0 0.8148434999999999 0.169577 0.04114585 0.046875 0.302203
1 0.826823 0.450138 0.03958335 0.059282999999999995 0.307596
0 0.7717449999999999 0.077206 0.03984375 0.0523895 0.309481
0 0.7546875 0.086397 0.03333335 0.056066 0.317313
0 0.7516925000000001 0.4349725 0.0466146 0.0997245 0.320349
0 0.671875 0.3026195 0.03541665 0.0482537 0.326084
0 0.5645835 0.02045035 0.03645835 0.04090075 0.328482
0 0.5220052000000001 0.2038145 0.0356771 0.0528495 0.337126
1 0.5559895 0.2348345 0.04114585 0.0413603 0.340052
0 0.8544269999999999 0.193704 0.026041649999999996 0.03538605 0.342303
0 0.5472656499999999 0.1711855 0.0393229 0.05193 0.349119
0 0.7352865000000001 0.02412685 0.0403646 0.0482537 0.353553
0 0.54596355 0.1100645 0.0408854 0.06112150000000001 0.362117
0 0.6959635 0.321002 0.0388021 0.051011 0.364444
0 0.6401039999999999 0.242877 0.02916665 0.03722425 0.368452
0 0.6589845000000001 0.334329 0.0377604 0.04273895 0.371472
0 0.8683595 0.1670495 0.0231771 0.03170955 0.373779
0 0.8045574999999999 0.0650275 0.03828125 0.0565255 0.384138
0 0.6570315 0.01953125 0.0484375 0.0390625 0.384344
0 0.7161460000000001 0.085248 0.0328125 0.0556065 0.385959
0 0.858724 0.01608455 0.04921875 0.0321691 0.389426
0 0.9776039999999999 0.460478 0.04166665 0.0523895 0.393539
0 0.5158853999999999 0.051241 0.03020835 0.059282999999999995 0.400547
1 0.8486980000000001 0.3809745 0.03020835 0.0670955 0.400922
0 0.6516925 0.12316200000000001 0.0315104 0.0505515 0.419345
0 0.5548175000000001 0.316866 0.03984375 0.059282999999999995 0.427913
0 0.9240885 0.1684285 0.03984375 0.04733455 0.43905
0 0.9149740000000001 0.1934745 0.03046875 0.04411765 0.448332
0 0.7355470000000001 0.0909925 0.0278646 0.04871325 0.456325
0 0.6710935 0.099035 0.028645850000000004 0.03538605 0.469082
0 0.8434895 0.277344 0.02708335 0.04181985 0.478047
0 0.5136719 0.106158 0.0268229 0.0477941 0.486614
0 0.659896 0.2433365 0.02708335 0.04273895 0.489433
0 0.7808594999999999 0.0268842 0.066406 0.05193 0.495092
0 0.6791664999999999 0.2265625 0.0296875 0.053309 0.497629
0 0.720573 0.323759 0.053646 0.0795035 0.499117
0 0.5583335 0.11466 0.0578125 0.0877755 0.504223
0 0.8932289999999999 0.183594 0.03072915 0.04273895 0.5186
0 0.5859375 0.094669 0.052604 0.086397 0.53393
0 0.9222655000000001 0.1275275 0.0252604 0.050092 0.534612
0 0.855599 0.3003215 0.0268229 0.0399816 0.537026
0 0.9466145 0.328355 0.02916665 0.0997245 0.542819
0 0.52408855 0.4170495 0.0481771 0.127298 0.544388
0 0.7722655 0.2725185 0.0294271 0.0376838 0.54692
0 0.9627605 0.3954505 0.0703125 0.097886 0.551909
0 0.896224 0.126838 0.0263021 0.04411765 0.553378
1 0.8222655 0.3090535 0.0263021 0.04181985 0.557902
0 0.9457030000000001 0.258272 0.0455729 0.087316 0.563482
0 0.6772135 0.0590535 0.0294271 0.051011 0.568805
0 0.764974 0.2274815 0.03359375 0.04503675 0.578451
0 0.89987 0.2683825 0.063802 0.0753675 0.594697
0 0.8927085 0.362592 0.04322915 0.0726105 0.61186
0 0.8569010000000001 0.237592 0.02578125 0.04963235 0.620638
0 0.5110677 0.1681985 0.022135399999999996 0.03400735 0.622235
0 0.880729 0.0631895 0.03541665 0.066636 0.629056
0 0.8479165 0.0670955 0.04635415 0.077206 0.641905
0 0.6154949999999999 0.0402114 0.0434896 0.080423 0.656376
0 0.632422 0.3568475 0.0783855 0.0997245 0.672115
0 0.9170575 0.442555 0.0596355 0.0974265 0.674037
0 0.798177 0.236213 0.028125 0.04319855 0.687501
0 0.6882815 0.3851105 0.04583335 0.085478 0.699025
0 0.818229 0.5912225 0.03020835 0.03630515 0.264328
0 0.7316404999999999 0.762638 0.0294271 0.04641545 0.267153
0 0.8673175000000001 0.6015625 0.02890625 0.0459559 0.285215
0 0.6910155000000001 0.9829964999999998 0.04296875 0.03400735 0.290412
0 0.666406 0.6422335000000001 0.03802085 0.04181985 0.293039
0 0.8802085000000001 0.6530330000000001 0.03541665 0.0505515 0.303661
0 0.704427 0.9485295000000001 0.03072915 0.03400735 0.31281
0 0.730469 0.6971505 0.0359375 0.0404412 0.328716
0 0.581901 0.8214615 0.0346354 0.0693935 0.346199
0 0.53046875 0.647748 0.0421875 0.050092 0.348629
0 0.8527345 0.878217 0.03671875 0.070772 0.350666
0 0.8285155000000001 0.607077 0.02578125 0.0413603 0.355657
0 0.719401 0.6222424999999999 0.0372396 0.056066 0.358294
0 0.5294271 0.6753215 0.03072915 0.0399816 0.368369
0 0.7358075 0.5765165 0.0341146 0.0528495 0.372233
0 0.54166665 0.8961395 0.03854165 0.0404412 0.376129
0 0.7890625 0.621094 0.0328125 0.0399816 0.398265
0 0.6933594999999999 0.9110755 0.0330729 0.0436581 0.406528
0 0.6359375 0.9503674999999999 0.04166665 0.0588235 0.41951
0 0.7171875 0.846048 0.03072915 0.0413603 0.426983
0 0.8930989999999999 0.914752 0.0466146 0.074908 0.435006
0 0.8434895 0.8058365 0.034375 0.0565255 0.443259
0 0.755469 0.6029410000000001 0.03645835 0.04871325 0.455263
0 0.54309895 0.707491 0.0346354 0.04733455 0.459228
0 0.7104164999999999 0.7764245 0.03177085 0.0491728 0.484232
1 0.6276039999999999 0.610294 0.03854165 0.053309 0.499574
0 0.7791665 0.691406 0.034375 0.06204049999999999 0.508181
0 0.953125 0.556296 0.09375 0.112592 0.514539
0 0.8872395 0.609375 0.02760415 0.046875 0.517625
0 0.5915365 0.946002 0.0559895 0.073989 0.526156
0 0.5545574999999999 0.6208640000000001 0.03671875 0.054228 0.534155
0 0.7542969999999999 0.6659005 0.051823 0.0661765 0.542018
0 0.691406 0.8099724999999999 0.03125 0.057445 0.549791
0 0.680078 0.9437039999999999 0.0440104 0.04733455 0.555244
0 0.5282552 0.862592 0.0434896 0.054228 0.556054
0 0.777995 0.8010109999999999 0.0325521 0.054228 0.559242
0 0.5451823 0.5730700000000001 0.0325521 0.0523895 0.568831
0 0.7714845 0.908088 0.0393229 0.116728 0.591144
0 0.51835935 0.5896140000000001 0.03671875 0.04871325 0.61122
0 0.7449220000000001 0.810662 0.0377604 0.04503675 0.636295
0 0.6927085000000001 0.674173 0.03645835 0.0569855 0.652359
0 0.5328125 0.9524355 0.055729 0.0767465 0.654384
0 0.8227864999999999 0.674173 0.0388021 0.060662 0.671011
0 0.652344 0.6891085000000001 0.0375 0.0703125 0.671161
0 0.8039065000000001 0.7336855 0.052604 0.075827 0.676491
0 0.8532550000000001 0.7385109999999999 0.04296875 0.068934 0.677244
0 0.907422 0.866498 0.0679685 0.074908 0.684567
0 0.8216145 0.8952205 0.055729 0.102022 0.687655
0 0.5822915 0.7796414999999999 0.0421875 0.073989 0.691787
0 0.7342449999999999 0.935202 0.0403646 0.0661765 0.693691
0 0.9609375 0.9326745 0.04635415 0.090533 0.695532
0 0.5175781 0.7180605 0.0346354 0.0537685 0.70875
0 0.5337239500000001 0.8033089999999999 0.0533855 0.064338 0.728162
