0 0.590625 0.40989624549439846 0.04861109999999999 0.03267637584023381 0.259098
0 0.9498264999999999 0.22993594544568924 0.021875 0.020663030297126156 0.268504
0 0.9729165 0.41974744471505115 0.027083350000000003 0.03604013658061374 0.326034
0 0.884722 0.23738431563565512 0.023611099999999996 0.03267637584023381 0.360846
0 0.953125 0.2369035499269362 0.026388900000000003 0.03459853911349245 0.422452
0 0.621354 0.02042274739405748 0.03506945 0.03700121821724306 0.42935
0 0.773264 0.05862543010228933 0.0277778 0.030754262542620557 0.4352
0 0.867361 0.25204067316122747 0.025694449999999997 0.028351583438869947 0.467824
0 0.763368 0.02979318090599123 0.0309028 0.03748173404773502 0.474875
0 0.9322914999999999 0.23642328397467122 0.03055555 0.03459853911349245 0.475425
0 0.9640625 0.42935826108134434 0.0454861 0.055261569410618605 0.480841
0 0.878993 0.4120586916707258 0.0315972 0.04180652644909888 0.498395
0 0.7411460000000001 0.20470773989283975 0.03506945 0.05093667705796395 0.544455
0 0.784028 0.4007661948368242 0.0402778 0.04997564539698003 0.54642
0 0.894271 0.4519432547491476 0.030208349999999995 0.031234778373112518 0.55376
0 0.9048610000000001 0.4195070618606917 0.03125 0.04132601061860691 0.57335
0 0.7699655 0.4440146186069167 0.0329861 0.04036492898197759 0.57881
0 0.86875 0.22729323331709694 0.0361111 0.0365206524111057 0.579534
0 0.7260415 0.01826035119337555 0.0326389 0.03267637584023381 0.581673
0 0.7414930000000001 0.41830564734534825 0.04479165 0.03988441315148563 0.588573
0 0.9322914999999999 0.12565976229907452 0.026388900000000003 0.027390501802240626 0.589346
0 0.5944444999999999 0.021624061958110084 0.0409722 0.03940389732099367 0.615861
0 0.921875 0.10283438577691184 0.027083350000000003 0.030754262542620557 0.622166
0 0.562153 0.14055650267900632 0.058333499999999996 0.05622260107160253 0.633613
0 0.859375 0.19437627471992205 0.02916665 0.04180652644909888 0.63746
0 0.7161460000000001 0.1936556259132976 0.03854165 0.05093667705796395 0.639852
0 0.570139 0.37577837213833415 0.04861109999999999 0.06343058840720897 0.643008
0 0.615104 0.3714534797856795 0.047569450000000006 0.06535265172917681 0.649538
0 0.7567710000000001 0.377700435460302 0.0420139 0.05093667705796395 0.672441
0 0.740972 0.05093667705796395 0.0298611 0.04324817389186557 0.678425
0 0.5873265 0.18500584120798833 0.0496528 0.05862543010228933 0.721134
0 0.216493 0.3406994671212859 0.028125 0.027871017632732586 0.259029
0 0.101389 0.08361325280077936 0.01805555 0.02402674106186069 0.286713
0 0.245486 0.17587579055041402 0.03333335 0.03555957077447638 0.335404
0 0.253993 0.18308377788602045 0.0309028 0.0365206524111057 0.345615
0 0.132986 0.409175596687774 0.03125 0.03604013658061374 0.346774
0 0.0855905 0.11412688261081344 0.0204861 0.02450730686799805 0.363315
0 0.056597 0.4043704383828544 0.0284722 0.04180652644909888 0.389049
0 0.2243055 0.1749147588894301 0.023611099999999996 0.027871017632732586 0.460555
0 0.133854 0.24531295177788603 0.023263900000000004 0.030273696736483197 0.488769
0 0.103472 0.41494178665367754 0.026388900000000003 0.031234778373112518 0.496924
0 0.45364600000000005 0.01585767208962494 0.0378472 0.030754262542620557 0.504055
0 0.275868 0.031234778373112518 0.030208349999999995 0.04517028718947881 0.512468
0 0.1770835 0.06559303458353628 0.0222222 0.03315694164637116 0.522999
0 0.19166649999999996 0.3810642961519727 0.03125 0.04517028718947881 0.529191
0 0.0805555 0.24122844227959084 0.027083350000000003 0.02979318090599123 0.541153
0 0.089757 0.2099936639064783 0.02395835 0.025948904335119337 0.544081
0 0.355382 0.20134437895762297 0.0329861 0.04228709225523623 0.555292
0 0.3012155 0.028351583438869947 0.034375 0.04132601061860691 0.559332
0 0.2430555 0.41494178665367754 0.0375 0.05237847442766683 0.56832
0 0.387847 0.15040770189965905 0.0361111 0.03748173404773502 0.569891
0 0.2180555 0.4327216220165611 0.03541665 0.0389233315148563 0.576921
0 0.239236 0.20494812274719923 0.03055555 0.03796224987822698 0.589664
0 0.10364600000000002 0.38707086897223575 0.02881945 0.028351583438869947 0.598168
0 0.223264 0.3801032644909888 0.0361111 0.04997564539698003 0.614306
0 0.353993 0.15545324305893815 0.03229165 0.03604013658061374 0.616886
0 0.3663195 0.4118183088163663 0.061111 0.07400243643448612 0.627729
0 0.1404515 0.19437627471992205 0.02743055 0.03315694164637116 0.64591
0 0.3836805 0.19293497710667315 0.0340278 0.04468977135898685 0.649228
0 0.147222 0.2229683409644423 0.023611099999999996 0.03363745747686313 0.656678
0 0.4166665 0.41446152070141257 0.0506945 0.06775548075986361 0.679983
0 0.159375 0.05069629420360448 0.02083335 0.027390501802240626 0.688933
0 0.1552085 0.08097004091573307 0.02083335 0.028351583438869947 0.714434
0 0.03368055 0.5605443302484169 0.024305549999999995 0.034117973307355096 0.292
0 0.04114585 0.5752006877739894 0.02395835 0.024987822698490016 0.295434
0 0.108854 0.6403129566488066 0.0309028 0.03604013658061374 0.308155
0 0.343229 0.6523261022893327 0.03368055 0.04180652644909888 0.324661
0 0.2717015 0.9735640535801267 0.050347 0.02979318090599123 0.350216
0 0.081597 0.911815145640526 0.0277778 0.028351583438869947 0.39546
0 0.070139 0.8964381393083292 0.0284722 0.03700121821724306 0.395529
0 0.1458335 0.9730832878714077 0.03055555 0.03459853911349245 0.419722
0 0.053472000000000006 0.5987467131027765 0.0340278 0.04132601061860691 0.423746
0 0.076736 0.8743334115927911 0.025 0.030273696736483197 0.428793
0 0.132118 0.7998507092060401 0.034375 0.03315694164637116 0.471079
0 0.1368055 0.9103738480272773 0.0215278 0.019701948660496835 0.490609
0 0.121007 0.7525177759376522 0.02604165 0.03363745747686313 0.492313
0 0.1654515 0.9500180282513395 0.03229165 0.03940389732099367 0.554063
0 0.2324655 0.6660214281539212 0.0454861 0.04997564539698003 0.556449
0 0.381771 0.8784179210910863 0.060764000000000006 0.05285874037993181 0.568792
0 0.1112845 0.7808694593278129 0.0253472 0.03459853911349245 0.573577
0 0.1404515 0.931757427179737 0.0309028 0.03267637584023381 0.598017
0 0.1234375 0.6203706751095958 0.029513899999999996 0.04132601061860691 0.599483
0 0.37743049999999995 0.6713073521675597 0.04861109999999999 0.0490145637603507 0.629419
0 0.41354149999999995 0.6537678996590356 0.04166665 0.05814466439357039 0.631327
0 0.3814235 0.8325267851924014 0.046875 0.0427676080857282 0.631948
0 0.2032985 0.8423779844130541 0.0378472 0.04324817389186557 0.635109
0 0.0663195 0.7647713044325377 0.03333335 0.04565085299561617 0.636904
0 0.208854 0.6338256181198246 0.0392361 0.05670336678032148 0.643856
0 0.2305555 0.8113835888943011 0.04583335 0.05045641110569898 0.662792
0 0.365972 0.6194096434486117 0.0506945 0.05285874037993181 0.681342
0 0.8831595 0.8104225572333171 0.03368055 0.031234778373112518 0.25344
0 0.9569445 0.5917791086215294 0.02916665 0.034117973307355096 0.290264
1 0.9576389999999999 0.5917791086215294 0.0277778 0.034117973307355096 0.290692
0 0.759896 0.6941327286897223 0.03506945 0.03796224987822698 0.3046
0 0.7416665 0.8257995635655139 0.04513890000000001 0.06102775937652216 0.304963
0 0.785764 0.6761130102289332 0.0375 0.03748173404773502 0.37575
0 0.841493 0.9716419902581589 0.0253472 0.03267637584023381 0.388959
0 0.9661460000000001 0.61652654846566 0.0309028 0.03748173404773502 0.397507
0 0.9079860000000001 0.6189293774963468 0.0361111 0.04997564539698003 0.411275
0 0.88125 0.653047250852411 0.0375 0.03940389732099367 0.430023
0 0.8600694999999999 0.9714016074037993 0.027083350000000003 0.031234778373112518 0.43468
0 0.740104 0.6494430073063808 0.03506945 0.03604013658061374 0.43849
0 0.590625 0.8560733102776424 0.04513890000000001 0.051417442766682905 0.457247
0 0.572743 0.8599174369215782 0.03854165 0.04180652644909888 0.466319
0 0.8850695000000001 0.7856746176327326 0.026388900000000003 0.030754262542620557 0.470264
0 0.8555555 0.7811098421821724 0.025694449999999997 0.028351583438869947 0.476691
0 0.702778 0.8774568894301024 0.0340278 0.04324817389186557 0.511035
0 0.5230903 0.8784179210910863 0.0329861 0.04613136882610814 0.52902
0 0.7324655 0.6753918616658547 0.04270835 0.0466118846566001 0.550636
0 0.8819445000000001 0.8298840730638091 0.0277778 0.03363745747686313 0.560092
0 0.9387155 0.9146982406234779 0.02743055 0.03315694164637116 0.563705
0 0.9342014999999999 0.7832722883584997 0.0357639 0.04324817389186557 0.573899
0 0.8763889999999999 0.9447321042377009 0.0277778 0.03459853911349245 0.587044
0 0.7642360000000001 0.6206110579639551 0.03680555 0.05045641110569898 0.588305
0 0.7416665 0.8827428134437408 0.04166665 0.04997564539698003 0.594984
0 0.719271 0.8313258704335119 0.0392361 0.05766439844130541 0.607623
0 0.794618 0.6381505104724793 0.03993055 0.05381977204091573 0.624636
0 0.7538195 0.8193122250365319 0.03541665 0.051897708718947874 0.63147
0 0.8526039999999999 0.8270009780808573 0.03368055 0.03459853911349245 0.635532
0 0.8833335 0.6158058996590356 0.03055555 0.051417442766682905 0.675437
0 0.5614585000000001 0.8966785221626887 0.061111 0.0490145637603507 0.701337
0 0.630903 0.6412739883097905 0.053472000000000006 0.0744827023867511 0.706495
0 0.5788194999999999 0.6448782318558207 0.05694450000000001 0.0730414047735022 0.70764
