0 0.2288195 0.15953775255723332 0.04513890000000001 0.04997564539698003 0.268439
0 0.3824655 0.1597781354115928 0.046875 0.05045641110569898 0.281917
0 0.39375 0.17683682221139796 0.0423611 0.03748173404773502 0.291548
0 0.1819445 0.016338187920116903 0.0555555 0.03267637584023381 0.297478
0 0.4677085 0.010091232245494398 0.04722219999999999 0.020182464490988795 0.298673
0 0.1145835 0.21071481246955676 0.04375 0.04372868972235752 0.301214
0 0.368229 0.1600180185094983 0.0378472 0.03459853911349245 0.320163
0 0.390278 0.14992693619094008 0.0326389 0.0365206524111057 0.335987
0 0.11024300000000001 0.44809912810521185 0.046180549999999994 0.05910569605455431 0.337248
0 0.279861 0.03940389732099367 0.04930555 0.04228709225523623 0.359323
0 0.3032985 0.034117973307355096 0.04131945 0.04036492898197759 0.402494
0 0.1697915 0.055261569410618605 0.03819445 0.05381977204091573 0.403749
0 0.128125 0.1588166039941549 0.04305555 0.0427676080857282 0.415763
0 0.20972199999999996 0.10643862932294204 0.053472000000000006 0.05045641110569898 0.445235
0 0.0998265 0.35247222990745253 0.047569450000000006 0.04468977135898685 0.457779
0 0.0876735 0.327724790063322 0.04270835 0.051897708718947874 0.460125
0 0.4029515 0.020182464490988795 0.0454861 0.04036492898197759 0.503236
0 0.16875 0.40388967267413545 0.04513890000000001 0.08121042377009255 0.506726
0 0.0600695 0.4118183088163663 0.03958335 0.04420920555284949 0.547672
0 0.071007 0.4598718908913785 0.051041500000000004 0.07015830979055042 0.555684
0 0.0600695 0.3755379892839747 0.04513890000000001 0.04565085299561617 0.556042
0 0.12048599999999998 0.19437627471992205 0.04722219999999999 0.05333950608865076 0.557261
0 0.224653 0.22537116999512907 0.04583335 0.06343058840720897 0.563973
0 0.193403 0.13647199318071115 0.0520835 0.05381977204091573 0.564043
0 0.199653 0.41638358402338044 0.052778 0.0744827023867511 0.585773
0 0.2467015 0.3810642961519727 0.0649305 0.07976862640038968 0.59597
0 0.352604 0.4644371660983926 0.0850695 0.06871651242084754 0.605494
0 0.3876735 0.414701903555772 0.079514 0.07880759473940574 0.605764
0 0.1074655 0.3993243974671213 0.0482639 0.06727471505114467 0.607358
0 0.2685765 0.12734194252313685 0.0552085 0.05958646176327326 0.612206
0 0.1480905 0.11869215781782756 0.047569450000000006 0.05093667705796395 0.612478
0 0.078472 0.20542888845591817 0.03958335 0.049495129566488064 0.629735
0 0.1154515 0.24459230297126155 0.051041500000000004 0.05670336678032148 0.632282
0 0.443403 0.4555469985387238 0.0680555 0.07784656307842182 0.639551
0 0.253125 0.45819021042377006 0.063889 0.07063857574281539 0.642028
0 0.319097 0.40557135314174375 0.0680555 0.07400243643448612 0.657176
0 0.2605905 0.19053214807598634 0.04895835 0.06198879103750608 0.661358
0 0.4666665 0.3760187549926936 0.0625 0.075444233804189 0.66535
0 0.37552100000000005 0.34286191329761323 0.084375 0.09274330345835362 0.67362
0 0.20815950000000003 0.33060788504627375 0.060764000000000006 0.09226253774963468 0.67471
0 0.173264 0.19293497710667315 0.0520835 0.07063857574281539 0.690214
0 0.5963539999999999 0.012974427179736969 0.0572915 0.025948904335119337 0.281872
0 0.9574655 0.24411203701899659 0.040625 0.0365206524111057 0.285505
0 0.554861 0.36280419483682413 0.04444445 0.04997564539698003 0.285841
1 0.54756945 0.15256964831953237 0.0409722 0.04084549478811496 0.287537
0 0.8680554999999999 0.33445251144666344 0.04166665 0.05381977204091573 0.291046
0 0.6185765 0.41590331807111547 0.0454861 0.06967754408183145 0.315237
0 0.8213539999999999 0.23714393278129567 0.047569450000000006 0.04565085299561617 0.324691
0 0.9425345 0.43031929274232833 0.0454861 0.055261569410618605 0.370077
0 0.7324655 0.14416074622503655 0.04131945 0.04709245046273746 0.375249
0 0.9085070000000001 0.19149317973697028 0.03645835 0.04180652644909888 0.377361
0 0.9069444999999999 0.16266123039454458 0.03125 0.03700121821724306 0.38535
0 0.790625 0.21311714174378957 0.0361111 0.04084549478811496 0.409078
0 0.9529515 0.2609303409644423 0.028125 0.03459853911349245 0.417678
0 0.8739585000000001 0.1624208475401851 0.04791665 0.04420920555284949 0.426945
0 0.871875 0.08433390160740381 0.03125 0.03796224987822698 0.465592
0 0.595486 0.3760187549926936 0.04375 0.051417442766682905 0.471344
0 0.8243055 0.3560764734534827 0.04583335 0.04517028718947881 0.493152
0 0.7368055 0.025228105601558692 0.0423611 0.0466118846566001 0.502327
0 0.9612845 0.27198295470043843 0.0420139 0.04517028718947881 0.508432
0 0.9114585000000001 0.3555957077447638 0.04791665 0.05093667705796395 0.52165
0 0.619271 0.3322900652703361 0.047569450000000006 0.04372868972235752 0.521674
0 0.884896 0.05766439844130541 0.021875 0.04420920555284949 0.525364
0 0.9675345 0.23714393278129567 0.02881945 0.03219586000974184 0.528761
0 0.9439235000000001 0.2376246984900146 0.0329861 0.0389233315148563 0.538437
0 0.896875 0.08625596492937165 0.025 0.03988441315148563 0.541771
0 0.724132 0.1749147588894301 0.046875 0.04228709225523623 0.554958
0 0.8126735 0.10019167364831953 0.04479165 0.04372868972235752 0.558226
0 0.8805554999999999 0.19509742328300048 0.04166665 0.04613136882610814 0.559208
1 0.5921875 0.226332201656113 0.054514 0.05574183536288359 0.559409
0 0.7717014999999999 0.08217145543107648 0.046875 0.04997564539698003 0.572864
0 0.822396 0.43920896054554315 0.0788195 0.11532829712615685 0.590392
0 0.7845485 0.027390501802240626 0.04479165 0.04805348212372138 0.593915
0 0.747743 0.2140781734047735 0.0538195 0.06487238577691183 0.619832
0 0.8956595 0.2390659961032635 0.046180549999999994 0.05237847442766683 0.622589
0 0.9756945000000001 0.44521553336580616 0.03194445 0.03988441315148563 0.627252
0 0.5708335 0.3294069702873843 0.04722219999999999 0.0427676080857282 0.645754
0 0.818403 0.28976279006332195 0.08125 0.10860107549926937 0.650145
0 0.8838539999999999 0.4219098908913784 0.080903 0.12397808183146614 0.662706
0 0.9779514999999999 0.3971624510472479 0.0329861 0.03700121821724306 0.663085
0 0.9489585 0.3616027803214808 0.0388889 0.05814466439357039 0.689534
0 0.576389 0.4228709225523624 0.05625 0.08361325280077936 0.709215
0 0.7567710000000001 0.35919995129079396 0.095486 0.12734194252313685 0.714059
0 0.8680554999999999 0.26141110667316125 0.04652780000000001 0.06439162006819288 0.71489
0 0.7887155 0.15569312615684364 0.0572915 0.07784656307842182 0.722467
0 0.066146 0.7705379941548953 0.0329861 0.03700121821724306 0.257355
0 0.389236 0.8704892849488552 0.061805500000000006 0.07640526546517291 0.263347
0 0.022395849999999995 0.7808694593278129 0.0440972 0.03844281568436434 0.269122
0 0.3663195 0.8825024305893814 0.06875 0.08024939210910863 0.274723
1 0.128472 0.7835121714564052 0.0326389 0.06102775937652216 0.32843
0 0.238368 0.666982459814905 0.046875 0.04613136882610814 0.3405
0 0.145486 0.9055681899659036 0.0541665 0.04757296629322942 0.411388
0 0.1885415 0.7395435986361422 0.0402778 0.03940389732099367 0.421078
0 0.1262155 0.7832722883584997 0.0371528 0.06439162006819288 0.424318
0 0.084375 0.9180621013151485 0.02916665 0.03988441315148563 0.438478
0 0.192014 0.894756458840721 0.0555555 0.04613136882610814 0.460602
0 0.108854 0.6487223584997565 0.0371528 0.05285874037993181 0.468249
0 0.3395835 0.8719310823185583 0.076389 0.0831324870920604 0.505148
0 0.1399305 0.6371894788114955 0.04583335 0.05478080370189966 0.533955
0 0.054514 0.8897104179249878 0.03194445 0.04372868972235752 0.555991
0 0.2225695 0.7393032157817828 0.04513890000000001 0.04468977135898685 0.559104
0 0.0454861 0.8044154846566001 0.05 0.04709245046273746 0.564325
0 0.203646 0.9516997087189479 0.084375 0.07063857574281539 0.576996
0 0.2975695 0.9209451962981003 0.076389 0.10427618314661471 0.62632
0 0.2185765 0.8380530920603994 0.054514 0.07592449975645396 0.628712
0 0.2418405 0.6213317067705797 0.04895835 0.05381977204091573 0.636624
0 0.369271 0.6717881178762787 0.069097 0.08169118947881149 0.637153
0 0.439757 0.9139775918168533 0.09479150000000001 0.11244520214320507 0.640343
0 0.185243 0.6693852888455919 0.05798600000000001 0.05670336678032148 0.645278
0 0.1144095 0.5886556307842182 0.047569450000000006 0.06054749342425718 0.652125
0 0.421875 0.7090294690696541 0.0625 0.09947052508524111 0.668167
0 0.0279514 0.7409848962493911 0.0440972 0.05574183536288359 0.688294
0 0.162847 0.8406963039454458 0.057639 0.08697661373599609 0.696878
0 0.1859375 0.5997077447637603 0.05798600000000001 0.07880759473940574 0.705966
0 0.3644095 0.7686159308329275 0.068403 0.09370433511933755 0.724906
0 0.60625 0.969239161227472 0.04722219999999999 0.04613136882610814 0.254828
1 0.953125 0.6004283935703848 0.026388900000000003 0.0466118846566001 0.256533
0 0.5805555 0.9437710725767169 0.05625 0.05574183536288359 0.261066
0 0.7546875 0.8671254242571846 0.0309028 0.034117973307355096 0.270112
0 0.953646 0.6011495421334633 0.03506945 0.05093667705796395 0.314373
0 0.871875 0.8861066741354116 0.0347222 0.03459853911349245 0.316629
0 0.8060764999999999 0.8666451583049196 0.03229165 0.03700121821724306 0.319362
0 0.8036460000000001 0.604032637116415 0.047569450000000006 0.05766439844130541 0.323443
0 0.8364585 0.9774081802240623 0.0326389 0.02402674106186069 0.323763
0 0.9069444999999999 0.5804861120311738 0.0298611 0.0365206524111057 0.350065
0 0.7618055 0.9670767150511447 0.03680555 0.03988441315148563 0.355626
0 0.809375 0.8349296142230882 0.03333335 0.04468977135898685 0.361048
0 0.9480905 0.9541025377496347 0.0357639 0.04084549478811496 0.363302
0 0.7314235000000001 0.8937954271797369 0.03645835 0.03940389732099367 0.365708
0 0.8725695000000001 0.8233967345348271 0.03055555 0.034117973307355096 0.402018
0 0.5814235 0.6511251875304432 0.056597 0.051897708718947874 0.428357
0 0.8043405 0.9781293287871408 0.0454861 0.025468338528981976 0.434448
0 0.847743 0.9565048670238675 0.0253472 0.03219586000974184 0.439503
0 0.9805555 0.6307021402825134 0.027083350000000003 0.029312615099853872 0.459357
0 0.9185764999999999 0.7964868485143692 0.0357639 0.0466118846566001 0.468186
0 0.8638889999999999 0.8546315129079397 0.03958335 0.0427676080857282 0.471366
0 0.828646 0.724406475401851 0.0454861 0.07352167072576717 0.473057
0 0.603646 0.8952367247929858 0.055902999999999994 0.04613136882610814 0.490754
0 0.8975695000000001 0.8467028767657088 0.0409722 0.03940389732099367 0.492708
0 0.8453125 0.88778835460302 0.034375 0.03219586000974184 0.49847
0 0.806771 0.730893813930833 0.080903 0.07976862640038968 0.516033
0 0.777778 0.8522286838772528 0.03680555 0.04372868972235752 0.525266
0 0.9321179999999999 0.9360823195323916 0.028125 0.03267637584023381 0.535203
0 0.5949655 0.6179678460789089 0.055902999999999994 0.07400243643448612 0.537941
0 0.6321180000000001 0.9303156298100341 0.05243049999999999 0.08169118947881149 0.542488
0 0.791493 0.5509335138821236 0.0649305 0.06487238577691183 0.558235
0 0.757639 0.567511934729664 0.04930555 0.051897708718947874 0.589624
0 0.558854 0.861359234291281 0.053125 0.055261569410618605 0.593163
0 0.6185765 0.6902886020457866 0.064236 0.06295032245494397 0.614775
0 0.7925345 0.918783249878227 0.0482639 0.06727471505114467 0.61508
0 0.7569445000000001 0.9089320506575742 0.04305555 0.05237847442766683 0.625736
0 0.7217014999999999 0.8450206965416464 0.053125 0.07063857574281539 0.630495
0 0.5529515 0.7015810988796882 0.0725695 0.06343058840720897 0.64426
0 0.7197914999999999 0.9500180282513395 0.0506945 0.05958646176327326 0.651799
0 0.9614585 0.9190231329761325 0.0298611 0.03315694164637116 0.654055
0 0.8961804999999999 0.6386312761811982 0.03819445 0.04709245046273746 0.655901
0 0.5963539999999999 0.8310854875791526 0.0697915 0.09274330345835362 0.661791
0 0.8354165 0.6405533395031661 0.065972 0.10283438577691184 0.670793
0 0.9802085 0.5821682922552361 0.0298611 0.03604013658061374 0.672133
0 0.5421875 0.9173414525085241 0.080903 0.08169118947881149 0.716016
0 0.8923610000000001 0.7945647851924014 0.0423611 0.05622260107160253 0.732939
0 0.7625 0.6573721432050658 0.0791665 0.1018733541159279 0.743762
