0 0.3857815 0.5153738431563566 0.0240625 0.030273696736483197 0.259159
0 0.4775 0.8897104179249878 0.035625 0.05237847442766683 0.265084
0 0.229844 0.8565535762299075 0.0346875 0.051417442766682905 0.28031
0 0.285625 0.5069644912810521 0.030000000000000002 0.014416074622503654 0.285491
0 0.4760935 0.9637128543594738 0.0478125 0.04757296629322942 0.289974
0 0.1821875 0.5518945455431077 0.033125 0.03796224987822698 0.295166
0 0.2360935 0.7013407160253288 0.0328125 0.04853404792985874 0.312946
0 0.2665625 0.7659727189478811 0.04875000000000001 0.05574183536288359 0.314046
0 0.478125 0.9214259620068193 0.04375 0.04372868972235752 0.318972
0 0.283281 0.8971587881149538 0.0321875 0.04709245046273746 0.325866
0 0.320625 0.5117698494885533 0.02875 0.02402674106186069 0.329184
0 0.3976565 0.5819279094008768 0.030312499999999996 0.04228709225523623 0.331462
0 0.2560935 0.572077209936678 0.0403125 0.054300537749634684 0.378367
0 0.309219 0.918783249878227 0.0328125 0.0490145637603507 0.390021
0 0.163906 0.565589871407696 0.0265625 0.03748173404773502 0.397751
0 0.2621875 0.7405046302971262 0.04499999999999999 0.04613136882610814 0.400866
0 0.453594 0.8565535762299075 0.0490625 0.054300537749634684 0.408359
0 0.32 0.8966785221626887 0.024375000000000004 0.04228709225523623 0.416002
0 0.4840625 0.8784179210910863 0.030000000000000002 0.04709245046273746 0.442454
0 0.2259375 0.548771017730151 0.039375 0.05285874037993181 0.457562
0 0.4832814999999999 0.8334878168533852 0.0334375 0.04084549478811496 0.460626
0 0.3528125 0.5110490507549927 0.051875 0.021624061958110084 0.462372
0 0.342031 0.7602065289819777 0.0309375 0.030754262542620557 0.463349
0 0.363594 0.861839500243546 0.0296875 0.03796224987822698 0.473812
0 0.335781 0.9356015538236727 0.0315625 0.03844281568436434 0.478413
0 0.365625 0.5639076911836338 0.030000000000000002 0.049495129566488064 0.47886
0 0.3807815 0.836851677545056 0.0390625 0.0389233315148563 0.485072
0 0.486406 0.5223415975645397 0.027187500000000003 0.04517028718947881 0.488433
0 0.320469 0.611000241597662 0.0353125 0.05622260107160253 0.488977
0 0.17843750000000003 0.913256943010229 0.040625 0.0427676080857282 0.489871
0 0.279375 0.9634729712615684 0.0475 0.03844281568436434 0.490372
0 0.1417185 0.5737588904042864 0.0278125 0.03459853911349245 0.491079
0 0.1796875 0.5158543589868486 0.036875 0.030273696736483197 0.502041
0 0.181406 0.9581870472479298 0.0340625 0.04613136882610814 0.502162
0 0.21218749999999997 0.686924741354116 0.040625 0.05045641110569898 0.506292
0 0.242031 0.6021105737944472 0.05281249999999999 0.05093667705796395 0.524624
0 0.4314065 0.8435793989283974 0.0359375 0.06198879103750608 0.526826
0 0.264844 0.7909605416463712 0.0553125 0.08745737944471504 0.527204
0 0.4698435000000001 0.6681838743302484 0.0590625 0.030273696736483197 0.532246
0 0.3371875 0.5593429157330735 0.041875 0.06535265172917681 0.544334
0 0.4217185 0.7277703360935217 0.041562499999999995 0.06679444909887969 0.553916
0 0.2540625 0.9067696044812469 0.03125 0.04324817389186557 0.555779
0 0.4251559999999999 0.9471344335119338 0.0615625 0.0691972781295665 0.558348
0 0.39328149999999995 0.8846648767657088 0.0434375 0.05670336678032148 0.578509
0 0.299375 0.5687133492450074 0.0325 0.0466118846566001 0.595912
0 0.256406 0.7258482727715538 0.0540625 0.049495129566488064 0.596438
0 0.221875 0.7690961967851925 0.043125 0.06487238577691183 0.596688
0 0.3659375 0.6189293774963468 0.0425 0.05574183536288359 0.602343
0 0.4326565 0.6648200136385778 0.0403125 0.06006672771553823 0.60296
0 0.3996875 0.5326731127131028 0.04625 0.06102775937652216 0.608499
0 0.455156 0.5367576721870433 0.04718749999999999 0.0730414047735022 0.634378
0 0.2684375 0.8678460730638091 0.04125 0.04997564539698003 0.635568
0 0.3684375 0.7921619561617146 0.0475 0.05622260107160253 0.647566
0 0.3423435 0.7116721811982465 0.0434375 0.06823574671212859 0.651587
0 0.417969 0.7823112566975159 0.0365625 0.06439162006819288 0.656684
0 0.478906 0.5667912859230394 0.030312499999999996 0.04757296629322942 0.65704
0 0.351875 0.8971587881149538 0.04499999999999999 0.05574183536288359 0.667609
0 0.2675 0.5295496348757915 0.046875 0.051897708718947874 0.671719
0 0.464844 0.7974478801753532 0.0490625 0.075444233804189 0.700943
0 0.18625000000000003 0.8709695509011204 0.041875 0.05333950608865076 0.716039
0 0.4690625 0.6208514408183147 0.050625 0.06054749342425718 0.721771
0 0.47140649999999995 0.7198416999512908 0.0546875 0.09130150608865076 0.744794
0 0.589375 0.33012761909400873 0.03875 0.06727471505114467 0.262897
0 0.880156 0.24026741061860693 0.0284375 0.04132601061860691 0.264911
0 0.8443749999999999 0.012734194252313688 0.045625 0.025468338528981976 0.302075
0 0.6417185 0.07856771164150024 0.0428125 0.04853404792985874 0.331708
0 0.5917185 0.4848597135898685 0.0534375 0.02979318090599123 0.334863
0 0.6092185 0.04252737515830492 0.041562499999999995 0.029312615099853872 0.342196
0 0.874531 0.010812030979055042 0.0365625 0.021624061958110084 0.345863
0 0.69125 0.07232075596687774 0.031875 0.0427676080857282 0.346353
0 0.6965625000000001 0.011052313882123722 0.04 0.022104627764247445 0.346433
0 0.6209375 0.15353117973697028 0.04125 0.04757296629322942 0.361372
0 0.5804689999999999 0.05622260107160253 0.0334375 0.030754262542620557 0.367893
0 0.794375 0.4872625426205553 0.0475 0.024987822698490016 0.37542
0 0.8575 0.11652971164150024 0.03875 0.05237847442766683 0.376247
0 0.9170315 0.20422747394057478 0.0384375 0.04517028718947881 0.377382
0 0.8701565 0.3695314164637117 0.0309375 0.04132601061860691 0.406926
0 0.5282812499999999 0.012734194252313688 0.0371875 0.025468338528981976 0.410142
0 0.6079685 0.19966219873356064 0.04093750000000001 0.051417442766682905 0.414449
0 0.9065624999999999 0.37169386264003895 0.03125 0.04565085299561617 0.425467
0 0.678125 0.4860611281052119 0.030000000000000002 0.025468338528981976 0.426754
0 0.748125 0.1648236765708719 0.038125 0.04709245046273746 0.43835
0 0.9035935 0.23834534729663906 0.027187500000000003 0.04420920555284949 0.452559
0 0.861875 0.33156941646371163 0.035625 0.04709245046273746 0.45325
0 0.7934375 0.03315694164637116 0.051875 0.06631368339016075 0.453394
0 0.613906 0.1261405280077935 0.0371875 0.04372868972235752 0.461365
0 0.615 0.07135922454943984 0.04375 0.03988441315148563 0.466695
0 0.52234375 0.3133088153921091 0.0434375 0.05766439844130541 0.472921
0 0.6165625 0.4396897262542621 0.041875 0.051897708718947874 0.477482
0 0.6965625000000001 0.04613136882610814 0.031875 0.025948904335119337 0.488449
0 0.8049999999999999 0.282794685825621 0.03375 0.04180652644909888 0.488521
0 0.8479689999999999 0.26885947686312717 0.0396875 0.04084549478811496 0.490503
0 0.7657815000000001 0.1184517749634681 0.0334375 0.04372868972235752 0.495422
0 0.9299999999999999 0.31042572040915734 0.02625 0.04517028718947881 0.501135
0 0.852969 0.48005455528494884 0.0490625 0.03844281568436434 0.50618
0 0.9276564999999999 0.3709732138334145 0.0278125 0.03940389732099367 0.510418
0 0.565 0.3683300019483682 0.043125 0.06198879103750608 0.527859
0 0.7215625000000001 0.06295032245494397 0.033125 0.04420920555284949 0.528146
0 0.6748434999999999 0.10571748075986362 0.0396875 0.05670336678032148 0.543596
0 0.573125 0.16554432537749636 0.046875 0.05910569605455431 0.560216
0 0.88625 0.16314149634680955 0.03375 0.04853404792985874 0.563431
0 0.8643749999999999 0.4101366283487579 0.039375 0.04853404792985874 0.563584
0 0.650625 0.17635655625913296 0.039375 0.05670336678032148 0.563937
0 0.6456249999999999 0.365206524111057 0.045625 0.06439162006819288 0.566039
0 0.9228124999999999 0.24507306867998052 0.025 0.04805348212372138 0.593405
0 0.7598435 0.28039235655138817 0.0534375 0.05237847442766683 0.599237
0 0.6203125 0.23834534729663906 0.041875 0.0490145637603507 0.600389
0 0.838281 0.33973843546030197 0.0396875 0.05381977204091573 0.606189
0 0.9103125000000001 0.33901728689722355 0.030625 0.03700121821724306 0.606456
0 0.84125 0.18572698977106672 0.053125 0.06391135411592791 0.615974
0 0.5829685 0.26117072381880174 0.0553125 0.06487238577691183 0.633288
0 0.725469 0.1107635216755967 0.04718749999999999 0.05237847442766683 0.636914
0 0.5771875000000001 0.09706819581100827 0.039375 0.05574183536288359 0.638678
0 0.8265625 0.1275818256210424 0.04625 0.054300537749634684 0.651001
0 0.633281 0.477651726254262 0.041562499999999995 0.04420920555284949 0.651279
0 0.730625 0.3414201159279104 0.04875000000000001 0.07832732878714077 0.65261
0 0.52078125 0.3784215840233804 0.041562499999999995 0.08217145543107648 0.662802
0 0.63125 0.30610082805650274 0.053125 0.08265222113979542 0.663395
0 0.706875 0.1862072557233317 0.05 0.06679444909887969 0.669625
0 0.909219 0.2868791953239162 0.0253125 0.04324817389186557 0.686837
0 0.8198435 0.42335118850462733 0.0440625 0.08265222113979542 0.689057
0 0.7331249999999999 0.47356721675596686 0.056875 0.05237847442766683 0.692016
0 0.7607815 0.39644130248416953 0.0628125 0.08745737944471504 0.692903
0 0.7959375000000001 0.33301071407696053 0.049374999999999995 0.06054749342425718 0.697562
0 0.703125 0.2666970306867998 0.0475 0.0855353161227472 0.704482
0 0.7709375 0.2179227998051632 0.060000000000000005 0.087938145153434 0.716035
0 0.36656250000000007 0.2921651193375548 0.02875 0.03940389732099367 0.261533
0 0.371875 0.3976427169995129 0.033125 0.05333950608865076 0.26169
0 0.1915625 0.3913957613248904 0.036875 0.04180652644909888 0.274688
0 0.1892185 0.3327703312226011 0.0328125 0.031234778373112518 0.329881
0 0.210781 0.05261835752557234 0.0484375 0.04853404792985874 0.331181
0 0.3828125 0.45674841305406727 0.039375 0.04757296629322942 0.331218
0 0.281719 0.03964413024841695 0.0440625 0.0427676080857282 0.350527
0 0.4821875 0.011052313882123722 0.035625 0.021143546127618117 0.356909
0 0.205625 0.39908451436921577 0.038125 0.05910569605455431 0.361603
0 0.354375 0.12205601850949829 0.031875 0.03267637584023381 0.367205
0 0.22093749999999998 0.022825426497808086 0.0525 0.04372868972235752 0.370854
0 0.33062499999999995 0.14920628738431566 0.03625 0.04084549478811496 0.374911
0 0.278125 0.4884639571358987 0.056875 0.020663030297126156 0.376264
0 0.4440625 0.28111300535801265 0.035625 0.04805348212372138 0.377209
0 0.16531249999999997 0.2179227998051632 0.035 0.054300537749634684 0.38343
0 0.35375 0.4202277106673161 0.035625 0.04853404792985874 0.384613
0 0.3292185000000001 0.41902679590842673 0.0353125 0.06054749342425718 0.391507
0 0.177344 0.2638139357038481 0.04093750000000001 0.03844281568436434 0.399623
0 0.419844 0.1511283507062835 0.0340625 0.051417442766682905 0.404088
0 0.2559375 0.33517316025328786 0.039375 0.0466118846566001 0.409293
0 0.22609400000000002 0.30057452118850464 0.0353125 0.030273696736483197 0.415678
0 0.17750000000000002 0.3688107676570872 0.036875 0.03988441315148563 0.42703
0 0.2954685 0.019701948660496835 0.0346875 0.03748173404773502 0.437411
0 0.196875 0.19029176522162689 0.035625 0.04805348212372138 0.44684
0 0.393594 0.22416975547978568 0.0365625 0.04084549478811496 0.449074
0 0.20531249999999998 0.35655723916220167 0.03625 0.04420920555284949 0.453409
0 0.400625 0.12253628446176328 0.027499999999999997 0.03363745747686313 0.459596
0 0.18968749999999998 0.23618290112031176 0.0325 0.0466118846566001 0.459757
0 0.27375 0.3959610365319045 0.03875 0.04997564539698003 0.484272
0 0.351875 0.48005455528494884 0.050625 0.03940389732099367 0.496681
0 0.3765625 0.11917292352654651 0.02875 0.03555957077447638 0.497084
0 0.35406249999999995 0.14728422406234778 0.033125 0.04468977135898685 0.502441
0 0.3671875 0.33445251144666344 0.031875 0.04709245046273746 0.504356
0 0.4785935 0.2537223536288359 0.0421875 0.04228709225523623 0.509119
0 0.3159375 0.23954676181198248 0.040625 0.04853404792985874 0.516248
0 0.2428125 0.38803190063321963 0.0375 0.05814466439357039 0.518084
0 0.395625 0.17563540769605454 0.0525 0.06295032245494397 0.538618
0 0.18625000000000003 0.4766906945932781 0.03875 0.04228709225523623 0.545335
0 0.2726565 0.23498148660496834 0.0496875 0.06823574671212859 0.54992
0 0.2492185 0.10619824646858257 0.0459375 0.04613136882610814 0.550096
0 0.4723435 0.3616027803214808 0.05281249999999999 0.07928836044812469 0.555095
0 0.3439065 0.37337554310764737 0.0346875 0.04997564539698003 0.567365
0 0.4675 0.30249658451047245 0.055625 0.07256063906478323 0.583085
0 0.229531 0.4332023877252801 0.0421875 0.054300537749634684 0.644108
0 0.39875 0.32892620457866534 0.050625 0.08121042377009255 0.64495
0 0.239844 0.1876490530930346 0.04093750000000001 0.06871651242084754 0.651497
0 0.410469 0.4757296629322942 0.0478125 0.04709245046273746 0.658174
0 0.343281 0.2150392050657574 0.0578125 0.06295032245494397 0.66725
0 0.2764065 0.15256964831953237 0.0628125 0.08409351875304433 0.669559
0 0.332344 0.32123745153434 0.05281249999999999 0.07256063906478323 0.679604
0 0.776875 0.5701546468582562 0.04499999999999999 0.06295032245494397 0.262489
0 0.8985940000000001 0.6907693677545056 0.0234375 0.030273696736483197 0.275421
0 0.8635939999999999 0.9771677973697029 0.0278125 0.02354622523136873 0.287619
0 0.5985935 0.9000423828543594 0.0315625 0.0365206524111057 0.302244
0 0.845469 0.8250789147588895 0.024687499999999998 0.0365206524111057 0.321829
0 0.7415625 0.8515080350706283 0.026875 0.03940389732099367 0.326043
0 0.589375 0.9387250316609839 0.033125 0.051417442766682905 0.337499
0 0.9206249999999999 0.6765932761811982 0.030000000000000002 0.04132601061860691 0.353731
0 0.9378124999999999 0.685483443740867 0.025625 0.054300537749634684 0.367036
0 0.6318750000000001 0.5122503653190453 0.040625 0.024987822698490016 0.371532
0 0.52234375 0.9589076960545542 0.0340625 0.049495129566488064 0.381631
0 0.7953125 0.5168154406234778 0.031875 0.034117973307355096 0.386136
0 0.8295315 0.8695282532878715 0.0253125 0.05333950608865076 0.392683
0 0.9 0.8733723799318072 0.025 0.03219586000974184 0.398076
0 0.8917185 0.8399751553823672 0.0253125 0.031715294203604485 0.401871
0 0.907969 0.7169581052118851 0.0240625 0.031715294203604485 0.405245
0 0.629531 0.8897104179249878 0.0328125 0.04372868972235752 0.41255
0 0.5945315 0.7505957126156844 0.0371875 0.04805348212372138 0.417506
0 0.852656 0.5160946418899172 0.0434375 0.03267637584023381 0.440068
0 0.8278125000000001 0.8116234719922065 0.030000000000000002 0.05381977204091573 0.460509
0 0.897031 0.9680377467121287 0.0284375 0.03700121821724306 0.46068
0 0.8309375000000001 0.957226015586946 0.05 0.06054749342425718 0.47479
0 0.7025 0.9531415060886508 0.036875 0.05718363273258646 0.478715
0 0.593125 0.793844136385777 0.038125 0.0490145637603507 0.505582
0 0.912969 0.9526607403799318 0.0278125 0.04468977135898685 0.522221
0 0.8521874999999999 0.7897591271310278 0.03875 0.04853404792985874 0.524287
0 0.6178125 0.7928826049683391 0.04125 0.05766439844130541 0.533279
0 0.6640625 0.7083088202630297 0.044375000000000005 0.06439162006819288 0.539431
0 0.76875 0.5184973209936677 0.04375 0.03748173404773502 0.541623
0 0.9099999999999999 0.8404559210910861 0.030000000000000002 0.03748173404773502 0.554397
0 0.8551560000000001 0.6729895323916221 0.0378125 0.04853404792985874 0.556919
0 0.7220315 0.8272408611787627 0.0390625 0.054300537749634684 0.563262
0 0.7573435 0.8233967345348271 0.0371875 0.051417442766682905 0.585474
0 0.621875 0.5598231816853385 0.040625 0.06727471505114467 0.586138
0 0.5196875 0.6638589819775937 0.038125 0.09082124013638578 0.587886
0 0.5651565000000001 0.8481441743789576 0.04656250000000001 0.05958646176327326 0.597253
0 0.7409374999999999 0.5744795392109109 0.0525 0.06487238577691183 0.605705
0 0.7404689999999999 0.9447321042377009 0.04656250000000001 0.06727471505114467 0.607942
0 0.8478125000000001 0.8738531456405261 0.0375 0.05622260107160253 0.614442
0 0.803594 0.5663105202143206 0.0346875 0.05814466439357039 0.629805
0 0.6962499999999999 0.6172471972722845 0.048125 0.08697661373599609 0.636598
0 0.6275 0.7183999025815879 0.040625 0.07880759473940574 0.646374
0 0.5854685 0.5293093519727228 0.05281249999999999 0.05910569605455431 0.650483
0 0.805781 0.8849052596200682 0.0359375 0.054300537749634684 0.651581
0 0.7235940000000001 0.526666439941549 0.052187500000000005 0.04709245046273746 0.651773
0 0.8690625 0.9291147150511447 0.04 0.06679444909887969 0.651787
0 0.6540625 0.6455988806624452 0.0375 0.06391135411592791 0.665487
0 0.52421875 0.5528555772040916 0.04656250000000001 0.09658743010228933 0.668991
0 0.84125 0.7212829975645397 0.041875 0.05574183536288359 0.677257
0 0.6225 0.9485762308816366 0.059375 0.07208037311251828 0.680271
0 0.7118749999999999 0.8853860253287871 0.04875000000000001 0.06583341743789575 0.682968
0 0.557344 0.9086916678032149 0.0484375 0.06054749342425718 0.68396
0 0.66875 0.7731807062834876 0.043125 0.06823574671212859 0.687441
0 0.8410935 0.5634274252313687 0.041562499999999995 0.05718363273258646 0.694088
0 0.52390625 0.7955258168533853 0.0428125 0.08697661373599609 0.699522
0 0.6073435 0.617487580126644 0.0603125 0.09514613248904043 0.714066
0 0.6109375 0.8529498324403312 0.0625 0.062469556746225036 0.727354
0 0.6576565 0.5691936151972723 0.0371875 0.06198879103750608 0.736638
