0 0.389757 0.39548027082318554 0.0739585 0.0730414047735022 0.273423
0 0.1260415 0.3971624510472479 0.04930555 0.04757296629322942 0.300692
0 0.294618 0.03604013658061374 0.053125 0.05958646176327326 0.31025
0 0.253993 0.16914856892352653 0.0614585 0.08649634778373114 0.31629
0 0.236632 0.43776766293229424 0.050347 0.07496346809547004 0.327678
0 0.384028 0.3839473911349245 0.04791665 0.0490145637603507 0.337827
0 0.195139 0.18500584120798833 0.03680555 0.04709245046273746 0.362778
0 0.1703125 0.07328178762786167 0.0454861 0.08121042377009255 0.368839
0 0.4322915 0.0365206524111057 0.04583335 0.04228709225523623 0.395112
0 0.430903 0.38514880565026793 0.04513890000000001 0.05045641110569898 0.428259
0 0.219271 0.22465002143205068 0.0440972 0.06967754408183145 0.44836
0 0.1427085 0.22416975547978568 0.054861 0.06775548075986361 0.457333
0 0.22152799999999997 0.377700435460302 0.058333499999999996 0.05381977204091573 0.458215
0 0.4404515 0.011052313882123722 0.04131945 0.022104627764247445 0.459873
0 0.393403 0.1773175879201169 0.04166665 0.061508525085241114 0.618094
0 0.750521 0.05670336678032148 0.030208349999999995 0.03748173404773502 0.259776
0 0.8604164999999999 0.08337286994641988 0.0388889 0.04565085299561617 0.260611
0 0.5810765 0.41686434973209935 0.0454861 0.05237847442766683 0.265215
0 0.9237845 0.42983852703360936 0.0267361 0.029312615099853872 0.274392
1 0.588889 0.4014868436434486 0.065278 0.10235411982464686 0.281741
0 0.807118 0.36016098295177784 0.0357639 0.0427676080857282 0.287258
0 0.8583335000000001 0.062229173891865566 0.025 0.02450730686799805 0.303824
0 0.865104 0.19221382854359473 0.0309028 0.05093667705796395 0.331343
0 0.775 0.20831198343886995 0.027083350000000003 0.031234778373112518 0.358931
0 0.969271 0.4329620048709206 0.0329861 0.04036492898197759 0.363333
0 0.800868 0.18692790452995617 0.02743055 0.0365206524111057 0.374367
0 0.592014 0.017058986653677548 0.04861109999999999 0.034117973307355096 0.404982
0 0.7359375 0.1725119298587433 0.0357639 0.04420920555284949 0.422511
0 0.910243 0.3849084227959084 0.02881945 0.03267637584023381 0.428227
0 0.7770835 0.35919995129079396 0.0361111 0.03604013658061374 0.490538
0 0.88125 0.23714393278129567 0.0361111 0.03604013658061374 0.508635
0 0.944097 0.2554045338528982 0.03125 0.04084549478811496 0.570267
0 0.771354 0.4043704383828544 0.04479165 0.04084549478811496 0.572037
0 0.8083335 0.3978830998538724 0.0402778 0.03940389732099367 0.58779
0 0.122743 0.6208514408183147 0.04270835 0.02883209926936191 0.274964
1 0.064757 0.7690961967851925 0.056597 0.04468977135898685 0.280288
1 0.12378450000000002 0.6201302922552363 0.04270835 0.028351583438869947 0.293166
1 0.229861 0.6528068679980517 0.0729165 0.08024939210910863 0.318146
0 0.372396 0.8738531456405261 0.0392361 0.03796224987822698 0.324751
0 0.3689235 0.8954771076473453 0.0420139 0.03988441315148563 0.35964
0 0.391493 0.8310854875791526 0.0496528 0.04180652644909888 0.406185
0 0.0836805 0.9036461266439357 0.0423611 0.05622260107160253 0.430607
0 0.41163200000000005 0.7256078899171944 0.0315972 0.03459853911349245 0.444375
0 0.2069445 0.691009250852411 0.04930555 0.03748173404773502 0.475263
1 0.126389 0.7832722883584997 0.03819445 0.04132601061860691 0.475274
0 0.40625 0.8625606488066244 0.0361111 0.04517028718947881 0.527665
0 0.38350699999999993 0.7234454437408671 0.03645835 0.03315694164637116 0.550993
0 0.390278 0.6532876337067706 0.03958335 0.04853404792985874 0.551178
0 0.2305555 0.8615991173891865 0.04861109999999999 0.04420920555284949 0.554227
0 0.730382 0.8404559210910861 0.0378472 0.0365206524111057 0.259266
0 0.781771 0.6953341432050657 0.029513899999999996 0.02402674106186069 0.275095
0 0.865972 0.8397347725280078 0.01805555 0.02354622523136873 0.296739
0 0.8237845 0.967797363857769 0.02118055 0.027871017632732586 0.29727
0 0.896528 0.8209939055041403 0.03333335 0.034117973307355096 0.31857
1 0.8605905 0.8716906994641986 0.02604165 0.024987822698490016 0.334165
0 0.582639 0.9396860633219678 0.03194445 0.029312615099853872 0.337977
1 0.5864585 0.6554495801266439 0.075 0.08841841110569898 0.342424
1 0.9029514999999999 0.9158996551388213 0.0329861 0.05093667705796395 0.347297
0 0.5595485 0.6948538772528008 0.02881945 0.03459853911349245 0.381384
0 0.7644095 0.6386312761811982 0.02604165 0.02883209926936191 0.408677
0 0.7845485 0.6367087131027764 0.0309028 0.03267637584023381 0.421587
0 0.7730905 0.6160457827569411 0.0267361 0.025948904335119337 0.424373
1 0.9685765 0.6081171466147102 0.051041500000000004 0.04180652644909888 0.43318
0 0.8600694999999999 0.8709695509011204 0.026388900000000003 0.026429420165611298 0.437885
0 0.559375 0.9151790063321968 0.03194445 0.03219586000974184 0.439905
0 0.571528 0.8923536298100341 0.0375 0.03459853911349245 0.442388
0 0.5557289999999999 0.9473748163662932 0.03854165 0.027390501802240626 0.451362
1 0.9100695 0.6254162162688748 0.04166665 0.06198879103750608 0.455707
0 0.7947915 0.6703463205065757 0.0284722 0.03363745747686313 0.483869
0 0.8595485 0.8005713580126644 0.02604165 0.02883209926936191 0.526262
0 0.770139 0.6765932761811982 0.0277778 0.027871017632732586 0.528367
