0 0.442969 0.4557873813930833 0.0434375 0.07832732878714077 0.261892
0 0.4532815 0.3558360905991232 0.0396875 0.04372868972235752 0.266641
1 0.4770315 0.16866780321480762 0.0365625 0.08265222113979542 0.267421
1 0.4879685 0.24098855918168532 0.0240625 0.051417442766682905 0.27448
1 0.1078125 0.44978080857282027 0.04625 0.06343058840720897 0.279197
1 0.2890625 0.48582074525085234 0.03875 0.027871017632732586 0.280348
1 0.3079685 0.15329079688261082 0.041562499999999995 0.05766439844130541 0.280453
1 0.4085935 0.12373769897710668 0.0434375 0.04853404792985874 0.288724
1 0.24343749999999997 0.25732659717486606 0.06062499999999999 0.049495129566488064 0.299287
0 0.188125 0.264294201656113 0.05 0.05862543010228933 0.300833
1 0.338281 0.1987011670725767 0.04718749999999999 0.07159960740379932 0.307849
0 0.1778125 0.2354622523136873 0.030000000000000002 0.04132601061860691 0.309049
1 0.283125 0.2772688787140769 0.04 0.04613136882610814 0.318784
0 0.3351565 0.015377106283487579 0.0496875 0.030754262542620557 0.319516
0 0.3728125 0.14776449001461275 0.041875 0.07352167072576717 0.33396
1 0.3709375 0.05598221821724305 0.04499999999999999 0.04180652644909888 0.335262
1 0.39781250000000007 0.25276132196785195 0.0425 0.07496346809547004 0.338995
1 0.2335935 0.38779201753531417 0.0478125 0.07111934145153434 0.342028
0 0.2390625 0.10956210716025329 0.053125 0.06823574671212859 0.343667
1 0.2946875 0.20206502776424742 0.05 0.05814466439357039 0.350525
0 0.228594 0.06198879103750608 0.057187499999999995 0.04132601061860691 0.366116
1 0.47718749999999993 0.40701315051144665 0.0375 0.0855353161227472 0.368602
1 0.164844 0.42575401753531417 0.04093750000000001 0.0365206524111057 0.377984
1 0.3592185 0.294808331222601 0.05281249999999999 0.03796224987822698 0.386195
0 0.4090625 0.1283029741841208 0.04875000000000001 0.05285874037993181 0.399259
0 0.246875 0.29432756551388206 0.044375000000000005 0.03700121821724306 0.405705
0 0.4776560000000001 0.4166239668777399 0.0371875 0.08072965806137358 0.409447
1 0.32874999999999993 0.05790428153921091 0.04375 0.06391135411592791 0.442392
0 0.308594 0.15569312615684364 0.0428125 0.07015830979055042 0.446101
1 0.1867185 0.2645345845104725 0.0540625 0.05237847442766683 0.446506
0 0.284375 0.28111300535801265 0.04375 0.04613136882610814 0.447464
1 0.4782815 0.28399610034096445 0.0371875 0.04324817389186557 0.454196
1 0.2565625 0.47212591914271795 0.04625 0.055261569410618605 0.457011
0 0.0971875 0.402688258158792 0.046875 0.04709245046273746 0.458358
0 0.14125 0.0691972781295665 0.027499999999999997 0.03459853911349245 0.459578
0 0.43625 0.15064758499756453 0.03625 0.05622260107160253 0.461772
1 0.344219 0.25996930930345835 0.0428125 0.04997564539698003 0.469117
1 0.2670315 0.23113735996103266 0.0509375 0.04517028718947881 0.469987
1 0.3607815 0.3495891349245007 0.0478125 0.08217145543107648 0.47774
1 0.3701565 0.1429593317096931 0.0421875 0.06679444909887969 0.482583
1 0.1907815 0.4555469985387238 0.0634375 0.05862543010228933 0.482965
1 0.38031250000000005 0.41758499853872383 0.0525 0.05478080370189966 0.498658
1 0.3270314999999999 0.48221700146127616 0.0503125 0.03507905494398442 0.4992
0 0.1328125 0.10643862932294204 0.035 0.051417442766682905 0.502368
0 0.107656 0.45314466926449093 0.0453125 0.07208037311251828 0.506257
0 0.160469 0.12662079396005846 0.0496875 0.04468977135898685 0.52708
1 0.225781 0.45242352070141256 0.0478125 0.054300537749634684 0.548951
1 0.374531 0.4757296629322942 0.0421875 0.04709245046273746 0.55245
1 0.3240625 0.42575401753531417 0.03375 0.04228709225523623 0.591538
1 0.435781 0.05093667705796395 0.0496875 0.07400243643448612 0.601662
0 0.1564065 0.30393838188017536 0.0459375 0.05045641110569898 0.611752
0 0.48125 0.1811617145640526 0.03625 0.05958646176327326 0.647708
1 0.277344 0.4000455460301997 0.0590625 0.0744827023867511 0.657543
0 0.6376565 0.17899926838772529 0.0421875 0.0744827023867511 0.254677
1 0.634219 0.18068094885533367 0.0359375 0.06727471505114467 0.263365
1 0.5439062499999999 0.2580472459814905 0.0359375 0.03940389732099367 0.266279
1 0.678125 0.4120586916707258 0.049374999999999995 0.054300537749634684 0.268394
1 0.840625 0.4370465143692158 0.03875 0.03507905494398442 0.268776
1 0.8471875 0.2066303029712616 0.038125 0.04517028718947881 0.272803
1 0.7893749999999999 0.21071481246955676 0.045625 0.055261569410618605 0.274641
1 0.785 0.2964900116902095 0.04125 0.04420920555284949 0.277857
1 0.6415624999999999 0.288801758402338 0.0425 0.05670336678032148 0.278725
0 0.7578125 0.37722016950803705 0.046875 0.05862543010228933 0.282807
1 0.51515625 0.45314466926449093 0.030312499999999996 0.05093667705796395 0.288329
1 0.8351565 0.4067727676570872 0.04093750000000001 0.05333950608865076 0.293762
1 0.53734375 0.24579371748660497 0.04093750000000001 0.05718363273258646 0.295241
1 0.8864060000000001 0.20711056892352653 0.0365625 0.03555957077447638 0.303838
1 0.7596875 0.29865245786653677 0.043125 0.0389233315148563 0.306347
1 0.7671875 0.288801758402338 0.05 0.06535265172917681 0.308099
0 0.557969 0.10499683195323915 0.0403125 0.055261569410618605 0.30886
0 0.9293750000000001 0.41686434973209935 0.0475 0.05718363273258646 0.313419
0 0.6354690000000001 0.027630784705309303 0.0390625 0.055261569410618605 0.314752
0 0.8439065000000001 0.0744827023867511 0.0403125 0.05093667705796395 0.319678
1 0.6429685 0.4584305932781296 0.0434375 0.05766439844130541 0.325371
1 0.7184375000000001 0.3942788563078422 0.035625 0.051417442766682905 0.329316
1 0.7460939999999999 0.23666366682903067 0.0384375 0.05622260107160253 0.348982
1 0.6668750000000001 0.18260351193375549 0.036875 0.062469556746225036 0.353925
1 0.9314065 0.41638358402338044 0.0446875 0.05045641110569898 0.353996
1 0.8421875 0.459151242084754 0.05499999999999999 0.05333950608865076 0.356464
1 0.5125 0.2580472459814905 0.025 0.051897708718947874 0.359245
0 0.927031 0.2244096385776912 0.0365625 0.05478080370189966 0.364221
1 0.8190624999999999 0.3724145114466634 0.0375 0.05766439844130541 0.366487
0 0.9035935 0.2883209926936191 0.04656250000000001 0.04517028718947881 0.373084
1 0.8856250000000001 0.2647749673648319 0.04125 0.05381977204091573 0.387279
1 0.515 0.044930004286410134 0.02875 0.08986020847540184 0.390789
1 0.6126565 0.24459230297126155 0.0440625 0.05862543010228933 0.396175
1 0.8567185 0.3294069702873843 0.0596875 0.0389233315148563 0.406742
1 0.6104689999999999 0.07400243643448612 0.0359375 0.051897708718947874 0.409429
1 0.740781 0.10860107549926937 0.0446875 0.04805348212372138 0.424723
1 0.8395310000000001 0.07928836044812469 0.0515625 0.0691972781295665 0.440027
0 0.970469 0.2063899201169021 0.030312499999999996 0.03507905494398442 0.442381
0 0.977969 0.2618913726254262 0.0290625 0.07015830979055042 0.454558
1 0.8173435 0.13695225913297612 0.041562499999999995 0.05766439844130541 0.455848
1 0.903281 0.45698879590842667 0.0459375 0.05958646176327326 0.460934
0 0.9471875 0.2556444169508037 0.033125 0.05381977204091573 0.474824
1 0.80625 0.2563655655138822 0.05375 0.04180652644909888 0.475877
1 0.8929685 0.16458329371651242 0.0396875 0.04565085299561617 0.48532
0 0.6684375 0.18332416074037994 0.03875 0.06679444909887969 0.506759
1 0.852969 0.3142698470530931 0.0459375 0.05381977204091573 0.507227
1 0.7356250000000001 0.08337286994641988 0.0475 0.055261569410618605 0.535681
1 0.752969 0.43776766293229424 0.0365625 0.05478080370189966 0.540195
1 0.6532815 0.36112201461276183 0.0678125 0.09178227179736971 0.562224
1 0.571875 0.1564142747199221 0.04875000000000001 0.06006672771553823 0.568501
1 0.5509375 0.21119507842182172 0.04 0.06198879103750608 0.592927
1 0.7875 0.39403897320993664 0.0475 0.05381977204091573 0.59748
0 0.9795315 0.47548928007793473 0.0371875 0.04853404792985874 0.600477
1 0.6592185 0.23642328397467122 0.0503125 0.06054749342425718 0.605937
1 0.759375 0.031715294203604485 0.044375000000000005 0.05766439844130541 0.63777
1 0.8140625 0.7123933297613249 0.040625 0.04565085299561617 0.251359
0 0.5084375 0.9356015538236727 0.016875 0.0980292274719922 0.251388
1 0.9206249999999999 0.6475209439844131 0.0325 0.03988441315148563 0.253656
0 0.8165625 0.7196013170969313 0.04499999999999999 0.04468977135898685 0.26129
1 0.816875 0.6650603964929371 0.04 0.05478080370189966 0.265912
1 0.9137500000000001 0.6890871875304432 0.031875 0.03267637584023381 0.267443
0 0.6465625 0.8159483643448612 0.035625 0.03555957077447638 0.269014
1 0.7559375 0.861359234291281 0.035625 0.054300537749634684 0.271196
1 0.511875 0.734978323429128 0.02375 0.05237847442766683 0.276847
0 0.7839065000000001 0.9074902532878714 0.0371875 0.0466118846566001 0.280345
0 0.53171875 0.82940330735509 0.0340625 0.04997564539698003 0.285328
1 0.6884374999999999 0.6261373648319533 0.04875000000000001 0.062469556746225036 0.289649
1 0.7376565 0.628539694106186 0.0403125 0.0490145637603507 0.292905
1 0.50859375 0.8558329274232831 0.0171875 0.07111934145153434 0.296129
0 0.656875 0.7902398928397468 0.03875 0.03604013658061374 0.298303
0 0.6934375 0.9452123701899658 0.05499999999999999 0.07111934145153434 0.307343
1 0.9220315000000001 0.82940330735509 0.0359375 0.05478080370189966 0.311411
1 0.8921875 0.8051366332196785 0.038125 0.0427676080857282 0.313985
0 0.9832815 0.5069644912810521 0.0278125 0.014416074622503654 0.31714
1 0.6778125 0.9581870472479298 0.05499999999999999 0.05574183536288359 0.318291
0 0.7895315 0.8889897691183634 0.030312499999999996 0.04420920555284949 0.318996
0 0.9073435 0.8911522152946907 0.0384375 0.04565085299561617 0.320308
0 0.6346875 0.6304617574281539 0.074375 0.07880759473940574 0.323215
0 0.7810934999999999 0.8555925445689234 0.0384375 0.04565085299561617 0.332258
0 0.9035935 0.9531415060886508 0.0378125 0.04853404792985874 0.338223
1 0.64125 0.6758726273745738 0.050625 0.0427676080857282 0.339588
0 0.9290625000000001 0.61652654846566 0.025 0.03555957077447638 0.34032
0 0.843281 0.6890871875304432 0.027187500000000003 0.04517028718947881 0.341752
0 0.67125 0.9663560662445203 0.0525 0.04805348212372138 0.342209
1 0.9168750000000001 0.5312315152459816 0.04 0.03700121821724306 0.348233
1 0.5184375 0.6727491495372625 0.036875 0.06631368339016075 0.349583
0 0.7498434999999999 0.7551609878226985 0.041562499999999995 0.04853404792985874 0.353055
0 0.8676565 0.7462708202630297 0.0340625 0.03363745747686313 0.360575
0 0.795156 0.9702001928884558 0.0590625 0.051897708718947874 0.36466
1 0.78375 0.7570830511446663 0.03625 0.06198879103750608 0.367165
1 0.6207815 0.898840968339016 0.0353125 0.04565085299561617 0.380173
1 0.7646875000000001 0.6597744724792985 0.04375 0.04709245046273746 0.396873
0 0.7060934999999999 0.6862040925474915 0.0603125 0.07015830979055042 0.398578
1 0.7932814999999999 0.629020459814905 0.0446875 0.04036492898197759 0.411608
1 0.83375 0.8695282532878715 0.0525 0.04757296629322942 0.413229
1 0.822656 0.7412252791037506 0.0459375 0.055261569410618605 0.435503
0 0.9229685 0.8284422756941061 0.0428125 0.05478080370189966 0.46366
1 0.5896875 0.9656354174378958 0.0475 0.04757296629322942 0.483637
0 0.8210935 0.6556899629810033 0.0446875 0.05814466439357039 0.49759
0 0.8681249999999999 0.786395766195811 0.0325 0.051417442766682905 0.500729
1 0.7365625 0.8245981490501705 0.041875 0.06631368339016075 0.509413
1 0.7667185 0.7068670228933269 0.0403125 0.04805348212372138 0.516364
1 0.705625 0.6838012635168047 0.055625 0.06823574671212859 0.520903
1 0.6392185 0.8981198197759376 0.0340625 0.06631368339016075 0.533435
1 0.8331249999999999 0.7969676142230881 0.061875 0.0466118846566001 0.537288
0 0.9303124999999999 0.8685672216268875 0.04375 0.04084549478811496 0.548476
0 0.8557814999999999 0.6496833901607404 0.030312499999999996 0.04805348212372138 0.558686
0 0.7821874999999999 0.7594858801753531 0.03875 0.06871651242084754 0.567402
1 0.693281 0.9416086264003898 0.0403125 0.05622260107160253 0.580834
1 0.633281 0.7196013170969313 0.0684375 0.06198879103750608 0.60969
1 0.6351559999999999 0.6331049693132001 0.0690625 0.07832732878714077 0.637222
1 0.6703125 0.8736127627861666 0.059375 0.0730414047735022 0.643469
0 0.8560940000000001 0.9195038986848515 0.0484375 0.06198879103750608 0.680584
0 0.2351565 0.7719797915245981 0.0434375 0.04468977135898685 0.257847
0 0.10218749999999999 0.628059428153921 0.030000000000000002 0.03459853911349245 0.271215
0 0.1184375 0.5122503653190453 0.04375 0.024987822698490016 0.271921
1 0.344531 0.8781780379931807 0.041562499999999995 0.0466118846566001 0.282706
0 0.3039065 0.6203706751095958 0.041562499999999995 0.04709245046273746 0.290131
1 0.3009375 0.905327807111544 0.044375000000000005 0.05670336678032148 0.290238
0 0.436719 0.950738677057964 0.0428125 0.08121042377009255 0.293565
0 0.1228125 0.5713560613735996 0.035625 0.05670336678032148 0.297394
1 0.4373435 0.9509790599123235 0.041562499999999995 0.06535265172917681 0.297515
1 0.18968749999999998 0.5144127615197273 0.03625 0.029312615099853872 0.314061
1 0.47593750000000007 0.9449719873356064 0.040625 0.06487238577691183 0.32941
1 0.23125 0.6090781782756941 0.04375 0.05333950608865076 0.336635
1 0.1709375 0.7626093580126645 0.02875 0.0365206524111057 0.338534
1 0.17312499999999997 0.6210913239162202 0.03875 0.0389233315148563 0.339131
0 0.346875 0.8822625474914759 0.04125 0.04420920555284949 0.339245
1 0.425 0.7212829975645397 0.0375 0.062469556746225036 0.344815
1 0.19406250000000003 0.6633787160253288 0.041875 0.051417442766682905 0.346123
1 0.2632815 0.7702976113005358 0.04718749999999999 0.051897708718947874 0.358281
1 0.27375 0.5264261570384803 0.04125 0.049495129566488064 0.362191
1 0.21828150000000002 0.6263772479298588 0.0328125 0.04084549478811496 0.380124
0 0.327344 0.60451290306868 0.0403125 0.05766439844130541 0.381827
0 0.14375 0.5756809537262543 0.035 0.04420920555284949 0.38598
0 0.140625 0.7811098421821724 0.035625 0.031234778373112518 0.387663
1 0.366875 0.6153251339503166 0.039375 0.05045641110569898 0.388079
0 0.0842185 0.6441570832927422 0.0328125 0.04084549478811496 0.390945
0 0.10359400000000002 0.7964868485143692 0.0440625 0.04853404792985874 0.397585
0 0.08484350000000002 0.6816388173404774 0.0365625 0.0466118846566001 0.39848
0 0.2084375 0.735939355090112 0.04375 0.06487238577691183 0.406453
1 0.46437500000000004 0.6888468046760838 0.05125 0.06102775937652216 0.413566
0 0.4254685 0.724406475401851 0.0346875 0.06967754408183145 0.415142
0 0.3615625 0.8390141237213834 0.045625 0.061508525085241114 0.422333
1 0.358125 0.9548231865562591 0.05499999999999999 0.05766439844130541 0.429111
0 0.293125 0.9586673132001948 0.06375 0.06054749342425718 0.43016
0 0.116875 0.6751519785679493 0.035 0.04613136882610814 0.471571
0 0.18125 0.7087890862152947 0.041875 0.05862543010228933 0.479554
1 0.2890625 0.57111567851924 0.046875 0.05237847442766683 0.495313
1 0.314375 0.7027825133950316 0.045625 0.06391135411592791 0.496403
0 0.13625 0.6371894788114955 0.04125 0.05862543010228933 0.501974
0 0.10656249999999999 0.5302704336093522 0.05375 0.05333950608865076 0.52268
0 0.2025 0.8558329274232831 0.05125 0.0691972781295665 0.553605
1 0.35093750000000007 0.6787557223575256 0.04499999999999999 0.05045641110569898 0.563235
0 0.1228125 0.8113835888943011 0.035 0.05333950608865076 0.572351
1 0.3692185 0.8289230414028251 0.0553125 0.0768855314174379 0.574988
0 0.302344 0.9079710189965904 0.0509375 0.05814466439357039 0.597593
0 0.1934375 0.6640993648319532 0.04875000000000001 0.05478080370189966 0.602643
1 0.339531 0.5312315152459816 0.04718749999999999 0.05045641110569898 0.607348
1 0.24343749999999997 0.654969314174379 0.046875 0.04420920555284949 0.627693
1 0.2659375 0.8423779844130541 0.06125 0.05093667705796395 0.65839
