0 0.1682815 0.15281003117389186 0.0234375 0.04517028718947881 0.543744
0 0.48625 0.25204067316122747 0.027499999999999997 0.0427676080857282 0.559725
0 0.2390625 0.13142645202143205 0.02875 0.04565085299561617 0.626664
0 0.365625 0.2568458314661471 0.04375 0.06006672771553823 0.628752
0 0.2545315 0.26573599902581585 0.0371875 0.04517028718947881 0.64291
0 0.1739065 0.2779895275207014 0.027187500000000003 0.028351583438869947 0.646314
0 0.23625 0.42719581490501707 0.031875 0.04324817389186557 0.647077
0 0.3496875 0.10691889527520701 0.033125 0.03315694164637116 0.666885
0 0.1590625 0.44089114076960545 0.035625 0.05718363273258646 0.67776
0 0.469219 0.10067193960058451 0.0440625 0.04853404792985874 0.69612
0 0.345469 0.4185460301997077 0.0396875 0.05285874037993181 0.709196
0 0.47625 0.4305591758402338 0.04125 0.04709245046273746 0.718011
0 0.5065625 0.2568458314661471 0.013125 0.04372868972235752 0.373015
0 0.8103125 0.1609790501704822 0.025 0.04613136882610814 0.604481
0 0.834531 0.30898392303945443 0.0265625 0.02979318090599123 0.616374
0 0.880156 0.18548660691670724 0.027187500000000003 0.04228709225523623 0.673675
0 0.8239060000000001 0.453624935216756 0.0340625 0.04805348212372138 0.676718
0 0.8810935 0.3229196317584024 0.024687499999999998 0.02306565942523137 0.678885
0 0.5940625 0.10787992693619093 0.044375000000000005 0.04565085299561617 0.687036
0 0.7096874999999999 0.125419879201169 0.036875 0.04805348212372138 0.692962
0 0.6171875 0.4329620048709206 0.04625 0.05574183536288359 0.699311
0 0.7404689999999999 0.28639892937165123 0.0265625 0.03267637584023381 0.700066
0 0.6195314999999999 0.2633331699951291 0.0459375 0.05766439844130541 0.70402
0 0.8871875 0.48413906478324403 0.02125 0.031234778373112518 0.751797
0 0.4723435 0.8070586965416464 0.0434375 0.05237847442766683 0.576398
0 0.1598435 0.5812072605942523 0.0265625 0.04565085299561617 0.648326
0 0.4425 0.9485762308816366 0.0325 0.04420920555284949 0.666093
0 0.229219 0.5929800233804189 0.0371875 0.04517028718947881 0.680626
0 0.34 0.6122016561130054 0.04125 0.05958646176327326 0.697091
0 0.2317185 0.8870677057963956 0.0321875 0.05574183536288359 0.729565
0 0.1735935 0.8666451583049196 0.0234375 0.029312615099853872 0.732902
0 0.3560940000000001 0.7791877788602046 0.024687499999999998 0.0389233315148563 0.736491
0 0.24187500000000003 0.7635703896736483 0.033125 0.051897708718947874 0.738605
0 0.464844 0.6230138869946419 0.041562499999999995 0.055261569410618605 0.757956
0 0.16546900000000003 0.7503553297613249 0.0321875 0.034117973307355096 0.789495
0 0.6004685000000001 0.6282998110082806 0.0296875 0.03604013658061374 0.591649
0 0.7135940000000001 0.8142666838772528 0.0359375 0.04853404792985874 0.624482
0 0.8140625 0.6376702445202143 0.030000000000000002 0.04709245046273746 0.638345
0 0.8490625 0.9207053132001949 0.02875 0.04132601061860691 0.657796
0 0.8782809999999999 0.6427157856794934 0.030312499999999996 0.03988441315148563 0.683746
0 0.8040625 0.7899995099853871 0.03125 0.04228709225523623 0.696188
0 0.6723435 0.9548231865562591 0.0340625 0.04709245046273746 0.698469
0 0.7784374999999999 0.943290306867998 0.035625 0.04132601061860691 0.699603
0 0.7215625000000001 0.6379101276181198 0.04 0.05237847442766683 0.709927
0 0.559375 0.9581870472479298 0.036875 0.04420920555284949 0.715087
