0 0.46015649999999997 0.443614 0.0796875 0.107337 0.310322
0 0.442578 0.8464674999999999 0.0773435 0.133152 0.282723
0 0.1839845 0.8485055000000001 0.050781 0.052988999999999994 0.290527
0 0.8921875 0.3451085 0.05 0.0625 0.266382
1 0.98125 0.2452445 0.0375 0.09375 0.308184
0 0.898828 0.257473 0.04453125 0.05842399999999999 0.334699
0 0.8570315000000001 0.22894 0.04375 0.0502715 0.364281
0 0.5621095 0.44769 0.12421849999999998 0.1046195 0.372513
0 0.9792970000000001 0.4110055 0.04140625 0.072011 0.391653
0 0.8679684999999999 0.3410325 0.084375 0.09239149999999999 0.528515
0 0.9773434999999999 0.2452445 0.0421875 0.0910325 0.536022
0 0.8609375 0.4341035 0.0390625 0.0611415 0.618732
