0 0.4546875 0.414402 0.090625 0.146739 0.434693
0 0.46132800000000007 0.3002715 0.0773435 0.130435 0.639967
1 0.47734350000000003 0.82269 0.0421875 0.0747285 0.323619
1 0.474219 0.870924 0.0421875 0.1494565 0.487168
0 0.9585940000000001 0.3247285 0.0765625 0.111413 0.254039
0 0.8066405 0.4076085 0.03984375 0.054348 0.263873
0 0.9460934999999999 0.466712 0.0375 0.0611415 0.303173
0 0.5613279999999999 0.29144 0.12265600000000002 0.1671195 0.30716
1 0.8132809999999999 0.289402 0.0359375 0.04619564999999999 0.312149
0 0.8136720000000001 0.290761 0.03671875 0.0516305 0.335189
1 0.9640625 0.4184785 0.040625 0.0625 0.353578
0 0.8160155 0.480299 0.03984375 0.0394022 0.356663
1 0.855078 0.317935 0.03984375 0.057065 0.37744
1 0.9558595000000001 0.3247285 0.0882815 0.11956499999999999 0.397947
0 0.8523434999999999 0.320652 0.040625 0.059782499999999995 0.405695
0 0.5875 0.8811140000000001 0.1640625 0.2350545 0.281218
0 0.841797 0.5842390000000001 0.03984375 0.054348 0.542082
0 0.8152345000000001 0.6345109999999999 0.03671875 0.059782499999999995 0.636551
