0 0.45976549999999994 0.3892665 0.0773435 0.2214675 0.301615
0 0.770703 0.3716035 0.03671875 0.0502715 0.256585
1 0.9746095 0.396739 0.03984375 0.076087 0.271456
0 0.8230470000000001 0.34375 0.04296875 0.057065 0.289582
1 0.821875 0.3430705 0.0421875 0.0557065 0.290058
0 0.9699220000000001 0.3974185 0.04921875 0.0557065 0.293714
0 0.9035154999999999 0.478261 0.04765625 0.04347825 0.329453
0 0.779297 0.430027 0.04140625 0.0557065 0.368088
0 0.564453 0.3423915 0.128906 0.146739 0.383822
0 0.9171875 0.345788 0.078125 0.12364149999999999 0.41314
1 0.871094 0.4110055 0.0625 0.0747285 0.482874
0 0.9265625 0.4368205 0.04375 0.0611415 0.502459
0 0.7828125 0.3125 0.040625 0.04619564999999999 0.562019
0 0.4734375 0.8620924999999999 0.053125 0.150815 0.25621
0 0.9789059999999999 0.5652174999999999 0.0421875 0.111413 0.26081
0 0.7882815000000001 0.51902175 0.034375 0.0380435 0.301161
1 0.5882815 0.9096465000000001 0.175 0.164402 0.325718
0 0.855078 0.5557065 0.04765625 0.04076085 0.380313
0 0.785156 0.648777 0.0296875 0.052988999999999994 0.504826
0 0.8101565000000001 0.601902 0.0359375 0.04347825 0.549475
