0 0.451172 0.6263585 0.097656 0.11956499999999999 0.450391
0 0.9722655 0.9517665 0.03671875 0.0557065 0.272477
0 0.9191404999999999 0.7112769999999999 0.04296875 0.0502715 0.286733
0 0.8746095 0.6528535000000001 0.03984375 0.052988999999999994 0.289859
0 0.53398435 0.744565 0.064844 0.1086955 0.307786
1 0.9828125 0.6589674999999999 0.034375 0.0625 0.403439
0 0.917969 0.6942935 0.0703125 0.0869565 0.457409
0 0.54453125 0.6243205000000001 0.0890625 0.1372285 0.472311
0 0.917578 0.9470109999999999 0.03828125 0.059782499999999995 0.509836
1 0.9304684999999999 0.605299 0.0515625 0.052988999999999994 0.512238
0 0.90625 0.7934784999999999 0.03125 0.04891305 0.527245
0 0.94375 0.8933424999999999 0.040625 0.0611415 0.602626
0 0.8851559999999999 0.5849185 0.0375 0.0502715 0.634874
