1 0.865625 0.3919835 0.034375 0.0394022 0.267124
1 0.884375 0.4225545 0.0390625 0.0516305 0.26936
0 0.8246095 0.341712 0.03984375 0.05842399999999999 0.272961
1 0.9046875 0.4755435 0.0453125 0.04891305 0.318863
1 0.8230470000000001 0.3423915 0.03984375 0.0516305 0.324667
0 0.9027345 0.476223 0.04921875 0.04483695 0.325411
1 0.923828 0.441576 0.04296875 0.0516305 0.328024
0 0.926172 0.4388585 0.0539065 0.0625 0.338449
0 0.794922 0.4225545 0.0773435 0.0869565 0.369293
0 0.9738279999999999 0.4096465 0.0523435 0.0828805 0.388066
0 0.7835935 0.3138585 0.040625 0.04619564999999999 0.437943
0 0.9214845 0.3451085 0.086719 0.1086955 0.443071
1 0.9753904999999999 0.402174 0.04921875 0.0815215 0.462249
0 0.42617200000000005 0.86481 0.11484350000000002 0.0964675 0.258645
0 0.427344 0.7751359999999999 0.0703125 0.0747285 0.325365
0 0.4347655 0.6440214999999999 0.130469 0.1548915 0.358572
0 0.788672 0.51766305 0.03203125 0.0353261 0.265778
0 0.8566404999999999 0.5557065 0.050781 0.04891305 0.323949
0 0.786328 0.648098 0.02734375 0.04891305 0.528998
0 0.8101565000000001 0.5998640000000001 0.0375 0.04755435000000001 0.559737
