0 0.43125 0.432065 0.09375 0.097826 0.263521
0 0.453125 0.2995925 0.09375 0.1372285 0.557356
1 0.47578149999999997 0.4422555 0.0484375 0.1046195 0.568804
1 0.9683595 0.4191575 0.04140625 0.05842399999999999 0.253998
1 0.814453 0.288723 0.03203125 0.04483695 0.25596
1 0.7984375 0.353261 0.0375 0.057065 0.260629
0 0.5238281 0.4368205 0.04765625 0.1263585 0.261083
0 0.808203 0.4110055 0.03984375 0.0366848 0.262002
0 0.9675779999999999 0.349864 0.03984375 0.0502715 0.264214
1 0.9085934999999999 0.3879075 0.0546875 0.085598 0.275171
1 0.908203 0.372962 0.03359375 0.04211955 0.292531
0 0.9410155 0.3057065 0.04921875 0.076087 0.29935
1 0.8546875 0.3158965 0.040625 0.0557065 0.307921
1 0.9601565000000001 0.3471465 0.05625 0.0692935 0.308979
0 0.965625 0.4130435 0.0515625 0.070652 0.329583
0 0.8132809999999999 0.2900815 0.0375 0.0502715 0.343457
0 0.8296875 0.3940215 0.065625 0.070652 0.363273
0 0.5597654999999999 0.3016305 0.11953149999999998 0.146739 0.379342
0 0.815625 0.4816575 0.0359375 0.0366848 0.40697
0 0.8527345000000001 0.319973 0.03828125 0.05842399999999999 0.418121
1 0.9433595 0.4680705 0.03984375 0.0638585 0.419452
0 0.8910155 0.5394021999999999 0.04140625 0.04891305 0.356402
0 0.53632815 0.6732335 0.0726565 0.148098 0.474361
0 0.841797 0.586277 0.03515625 0.04755435000000001 0.565373
0 0.8148434999999999 0.6351899999999999 0.0359375 0.0502715 0.651553
