0 0.098633 0.1152345 0.0234375 0.02734375 0.255204
0 0.1694335 0.04166665 0.0283203 0.02864585 0.261445
0 0.284668 0.01041665 0.057617 0.01822915 0.262774
0 0.2436525 0.0091146 0.04785155 0.01822915 0.267159
0 0.119629 0.48763 0.0498047 0.0221354 0.27154
0 0.0825195 0.1022135 0.0283203 0.02734375 0.2852
1 0.270996 0.0514325 0.04003905 0.061198 0.311871
0 0.175293 0.1953125 0.0615235 0.0546875 0.334141
0 0.4711915 0.159505 0.051758 0.074219 0.334512
0 0.254883 0.1360675 0.04296875 0.0403646 0.335493
0 0.0893555 0.091146 0.0283203 0.03385415 0.354126
0 0.270508 0.0527345 0.0410156 0.058594 0.356791
0 0.0771485 0.3795575 0.03515625 0.0403646 0.359225
0 0.3081055 0.1295575 0.053711 0.0403646 0.361664
0 0.133789 0.340495 0.0449219 0.0455729 0.374935
0 0.121582 0.3639325 0.0498047 0.0403646 0.384555
0 0.0415039 0.4231770000000001 0.0341797 0.0520835 0.404703
0 0.243164 0.34375 0.0371094 0.03645835 0.404999
0 0.129883 0.23763 0.04296875 0.063802 0.424211
0 0.140625 0.0572915 0.0234375 0.03385415 0.434643
0 0.387207 0.3697915 0.067383 0.09375 0.436771
0 0.4033205 0.154297 0.0683595 0.0481771 0.440969
0 0.2680665 0.19466149999999996 0.04003905 0.0559895 0.443071
0 0.1987305 0.328776 0.04589845 0.0377604 0.445051
0 0.130371 0.4173175 0.051758 0.050781 0.451491
0 0.4282225 0.38737 0.0791015 0.089844 0.454919
0 0.072754 0.138021 0.02246095 0.03125 0.456468
0 0.1362305 0.095703 0.0263672 0.0325521 0.46128
0 0.0791015 0.230469 0.03125 0.03125 0.479068
0 0.0634765 0.207031 0.0234375 0.03125 0.494323
0 0.425781 0.093099 0.060547 0.0690105 0.502103
0 0.157715 0.02734375 0.03222655 0.03125 0.503455
0 0.4365235 0.19596350000000004 0.064453 0.074219 0.517781
0 0.1625975 0.0716145 0.0341797 0.0390625 0.536093
1 0.2817385 0.38737 0.083008 0.0690105 0.552457
0 0.217285 0.389974 0.04589845 0.076823 0.55421
0 0.479492 0.09505199999999998 0.0410156 0.046875 0.565651
0 0.117676 0.16862 0.0283203 0.0481771 0.579317
0 0.394531 0.2877605 0.0546875 0.078125 0.590693
0 0.4555665 0.3372395000000001 0.088867 0.080729 0.620908
0 0.248047 0.294271 0.0566405 0.065104 0.652235
1 0.88916 0.34570300000000004 0.0595705 0.066406 0.251095
1 0.6000975 0.26888 0.0615235 0.0533855 0.266093
0 0.703125 0.0136719 0.050781 0.02734375 0.270017
0 0.8950195000000001 0.371745 0.055664 0.0533855 0.27532
0 0.8037110000000001 0.19596350000000004 0.04296875 0.0533855 0.276844
1 0.5097656 0.1764325 0.0175781 0.0455729 0.318049
0 0.961426 0.4127604999999999 0.0419922 0.0546875 0.318597
0 0.6049805 0.2701825 0.053711 0.050781 0.326216
0 0.8911135 0.33789050000000004 0.057617 0.050781 0.360394
1 0.748047 0.363281 0.074219 0.075521 0.38287
0 0.9868165 0.3951825 0.0263672 0.050781 0.417703
1 0.9018554999999999 0.409505 0.053711 0.061198 0.422538
0 0.7822264999999999 0.125651 0.050781 0.04296875 0.423611
0 0.6538085 0.294922 0.0498047 0.0403646 0.424088
0 0.8046875 0.21614600000000003 0.0546875 0.080729 0.441082
0 0.7509764999999999 0.363281 0.078125 0.0703125 0.447983
0 0.945801 0.347656 0.04785155 0.0520835 0.450471
0 0.635742 0.156901 0.0625 0.08463550000000002 0.454072
0 0.9052735000000001 0.41210949999999996 0.0527345 0.058594 0.487805
0 0.590332 0.0332031 0.057617 0.061198 0.490508
0 0.6308595 0.3990885 0.0566405 0.063802 0.496995
0 0.9575195000000001 0.23502600000000004 0.0283203 0.0377604 0.503482
0 0.929199 0.234375 0.0341797 0.03645835 0.527597
0 0.8378905 0.154948 0.050781 0.0572915 0.556087
0 0.7910155 0.3027345 0.0625 0.0690105 0.560854
0 0.619629 0.076823 0.0498047 0.065104 0.575602
0 0.808594 0.402344 0.0527345 0.0729165 0.577995
0 0.7587889999999999 0.1614585 0.060547 0.0572915 0.601727
0 0.6035155 0.3483075 0.060547 0.089844 0.607347
0 0.57959 0.154297 0.0615235 0.074219 0.61693
0 0.732422 0.05533849999999999 0.0488281 0.061198 0.618377
1 0.586914 0.9785155 0.0410156 0.04296875 0.256828
0 0.805176 0.5559895 0.0615235 0.091146 0.260546
1 0.9287110000000001 0.8899739999999999 0.0566405 0.0559895 0.265085
1 0.617676 0.671875 0.073242 0.0677085 0.278359
1 0.9252929999999999 0.7845049999999999 0.04589845 0.050781 0.280234
0 0.895996 0.8242189999999999 0.0419922 0.04947915 0.284082
1 0.7993165 0.5540365 0.069336 0.08463550000000002 0.292084
0 0.765625 0.6692710000000001 0.0527345 0.04166665 0.295705
0 0.988281 0.608724 0.0214844 0.063802 0.311334
1 0.7612304999999999 0.595703 0.067383 0.063802 0.325491
1 0.6650389999999999 0.9108075000000001 0.0449219 0.050781 0.330929
0 0.8183595 0.813802 0.0390625 0.0520835 0.331614
0 0.5527345 0.9759114999999999 0.0390625 0.0455729 0.335035
0 0.760254 0.595052 0.0654295 0.0625 0.338096
0 0.8427735000000001 0.8567710000000001 0.0449219 0.075521 0.355125
0 0.65625 0.60612 0.0566405 0.074219 0.370758
0 0.8183595 0.626953 0.046875 0.061198 0.373375
1 0.605957 0.9114585000000001 0.069336 0.04947915 0.379881
1 0.7597655 0.7727864999999999 0.0683595 0.0716145 0.382998
0 0.6098635 0.5553385 0.084961 0.105469 0.390385
0 0.775879 0.8398439999999999 0.053711 0.075521 0.399704
0 0.878906 0.7682289999999999 0.058594 0.075521 0.403901
1 0.8740235000000001 0.7695310000000001 0.0703125 0.0677085 0.416736
0 0.60791 0.9088539999999999 0.067383 0.046875 0.441053
1 0.8432615 0.858073 0.053711 0.0729165 0.441764
0 0.6069335 0.7942710000000001 0.073242 0.1197915 0.451267
0 0.8095705 0.767578 0.0371094 0.063802 0.461021
0 0.6655275 0.9095049999999999 0.0439453 0.050781 0.461208
0 0.769531 0.9420575000000001 0.0410156 0.066406 0.475878
1 0.609375 0.7962239999999999 0.078125 0.11848949999999998 0.47893
0 0.7592775 0.7701825000000001 0.0634765 0.074219 0.489465
1 0.612793 0.5579425 0.084961 0.10286449999999998 0.499665
0 0.6938475 0.6009115 0.053711 0.082031 0.502791
0 0.714844 0.9622395 0.0566405 0.0703125 0.509039
0 0.6865235000000001 0.6848960000000001 0.060547 0.080729 0.516571
0 0.958008 0.577474 0.0488281 0.058594 0.525291
1 0.7724610000000001 0.8398439999999999 0.064453 0.078125 0.527018
0 0.618164 0.6712239999999999 0.0839845 0.074219 0.53877
0 0.6806639999999999 0.8339845 0.0625 0.08463550000000002 0.62647
0 0.189453 0.8483075000000001 0.0546875 0.0325521 0.251917
1 0.4370115 0.7884114999999999 0.051758 0.0716145 0.263424
1 0.1137695 0.7285155 0.0498047 0.058594 0.265283
0 0.203125 0.9902345 0.0566405 0.01953125 0.273042
0 0.258789 0.6367189999999999 0.074219 0.0625 0.274735
1 0.3652345 0.858073 0.0625 0.0703125 0.289701
0 0.438965 0.7858075000000001 0.0498047 0.0690105 0.309345
0 0.118164 0.7259114999999999 0.04296875 0.0690105 0.316422
1 0.347656 0.9817710000000001 0.0390625 0.03645835 0.317429
0 0.2666015 0.9420575000000001 0.0703125 0.0690105 0.319457
0 0.1137695 0.5279948 0.053711 0.050781 0.34373
1 0.258789 0.639323 0.076172 0.065104 0.350028
1 0.1552735 0.7975260000000001 0.058594 0.050781 0.3856
0 0.411621 0.923177 0.04785155 0.04947915 0.397991
1 0.378906 0.6783855000000001 0.0722655 0.0729165 0.400568
0 0.4438475 0.641927 0.100586 0.078125 0.412616
0 0.3671875 0.857422 0.0625 0.0716145 0.420407
0 0.4057615 0.8365885000000001 0.055664 0.097656 0.420958
0 0.078125 0.7578125 0.0546875 0.0703125 0.42539
0 0.1899415 0.5299479 0.03808595 0.0572915 0.431461
0 0.4663085 0.8652345 0.067383 0.079427 0.432696
0 0.1850585 0.6276039999999999 0.0595705 0.04947915 0.438963
0 0.2060545 0.9407549999999999 0.0527345 0.074219 0.467424
0 0.0566405 0.8378905 0.0449219 0.0690105 0.467509
0 0.2626955 0.5735675 0.0703125 0.0716145 0.473529
1 0.2177735 0.794922 0.0566405 0.0690105 0.478364
0 0.0307617 0.7083335000000001 0.0361328 0.0625 0.480353
0 0.380371 0.6783855000000001 0.067383 0.075521 0.524079
1 0.463867 0.8658855 0.0703125 0.078125 0.528071
1 0.425293 0.9785155 0.0751955 0.04296875 0.531554
1 0.2651365 0.9427085000000001 0.067383 0.0677085 0.573243
1 0.4433595 0.6451825 0.0996095 0.08463550000000002 0.601533
0 0.354492 0.5976560000000001 0.074219 0.0859375 0.613765
1 0.2944335 0.8359375 0.083008 0.0625 0.633792
0 0.4160155 0.5625 0.0683595 0.0989585 0.689086
