0 0.43085950000000006 0.5611415 0.1382815 0.1222825 0.376075
0 0.276172 0.9436140000000001 0.0554685 0.0747285 0.409234
0 0.976953 0.6691575000000001 0.04453125 0.080163 0.279795
0 0.8753905 0.6508149999999999 0.03671875 0.0516305 0.350776
0 0.930078 0.6080165 0.04921875 0.05842399999999999 0.424353
0 0.9066405 0.7955165 0.03984375 0.0502715 0.438681
0 0.53632815 0.9300269999999999 0.0726565 0.1046195 0.441168
1 0.9808595 0.669837 0.03828125 0.0869565 0.46608
0 0.886719 0.5869565 0.0359375 0.04076085 0.55579
0 0.919922 0.9449730000000001 0.04453125 0.066576 0.563523
0 0.9433595 0.8974184999999999 0.04453125 0.0502715 0.586449
0 0.908203 0.6970109999999999 0.091406 0.089674 0.751373
