0 0.792969 0.671875 0.0527345 0.04427085 0.260008
0 0.5341797 0.9088539999999999 0.060547 0.04947915 0.265447
0 0.807617 0.6985674999999999 0.064453 0.0533855 0.273988
0 0.6787110000000001 0.9817710000000001 0.046875 0.03645835 0.280885
0 0.5214844 0.8704424999999999 0.04296875 0.0559895 0.311164
0 0.6904295 0.7558595 0.0390625 0.0481771 0.331269
0 0.8916014999999999 0.6191405 0.0410156 0.0403646 0.336454
0 0.6694335 0.970703 0.0419922 0.0299479 0.368699
0 0.714844 0.9615885000000001 0.0371094 0.050781 0.381776
0 0.8774415 0.53841145 0.057617 0.0690105 0.384422
0 0.7055665 0.8678385000000001 0.0498047 0.0403646 0.3919
0 0.6655275 0.6790364999999999 0.04785155 0.04296875 0.398673
0 0.5620115 0.8157549999999999 0.0419922 0.058594 0.406909
0 0.86084 0.8945310000000001 0.0439453 0.0703125 0.413877
0 0.567871 0.970052 0.0498047 0.046875 0.414901
0 0.595215 0.5527345 0.03808595 0.050781 0.417728
0 0.8657225 0.7708335000000001 0.0341797 0.03645835 0.417891
0 0.580078 0.6770835000000001 0.050781 0.0677085 0.432617
0 0.811035 0.8040364999999999 0.04003905 0.0455729 0.434955
0 0.52246095 0.8196614999999999 0.0410156 0.066406 0.437544
0 0.8120115 0.6367189999999999 0.0615235 0.0546875 0.447452
0 0.6591795 0.7213539999999999 0.060547 0.04947915 0.464505
0 0.8530275 0.8040364999999999 0.0419922 0.0377604 0.468118
0 0.8784179999999999 0.65625 0.03808595 0.0390625 0.471893
0 0.6591795 0.8652345 0.050781 0.063802 0.490962
0 0.7807615 0.8365885000000001 0.0498047 0.0403646 0.491214
0 0.8066405 0.54947915 0.0566405 0.065104 0.494632
0 0.680176 0.9381510000000001 0.0419922 0.0559895 0.498232
0 0.770508 0.798828 0.0410156 0.0455729 0.519166
1 0.6884764999999999 0.5253906 0.058594 0.0481771 0.549484
0 0.683594 0.8072914999999999 0.0410156 0.059896 0.599058
0 0.54052735 0.546875 0.071289 0.0833335 0.627294
0 0.418457 0.3645835 0.0615235 0.059896 0.260493
0 0.192383 0.205078 0.04296875 0.04296875 0.265002
0 0.4160155 0.3125 0.0390625 0.04427085 0.274431
0 0.2089845 0.1985675 0.078125 0.079427 0.286451
0 0.152344 0.4602865 0.03125 0.0403646 0.29726
0 0.413086 0.47851550000000004 0.066406 0.04296875 0.297737
0 0.463379 0.0266927 0.0498047 0.0481771 0.307333
0 0.2563475 0.3046875 0.03027345 0.0390625 0.310728
0 0.2109375 0.325521 0.0410156 0.0390625 0.311605
0 0.359375 0.173828 0.0625 0.0455729 0.324292
0 0.38916 0.263672 0.051758 0.04296875 0.327559
0 0.166992 0.36914050000000004 0.0332031 0.058594 0.36679
0 0.3027345 0.154948 0.0546875 0.04427085 0.371987
0 0.4213865 0.01953125 0.04785155 0.0390625 0.380239
0 0.190918 0.063802 0.0439453 0.04947915 0.418019
0 0.4560545 0.142578 0.046875 0.0481771 0.423234
0 0.3081055 0.4752604999999999 0.0361328 0.03645835 0.42687
0 0.1416015 0.3684895000000001 0.03515625 0.046875 0.43432
0 0.425781 0.173177 0.046875 0.0677085 0.455681
0 0.3378905 0.2076825 0.0566405 0.058594 0.48819
0 0.182129 0.4583335 0.03027345 0.04166665 0.493817
0 0.2753905 0.4596354999999999 0.050781 0.0520835 0.508855
0 0.1381835 0.327474 0.03222655 0.0377604 0.515881
0 0.105469 0.3372395000000001 0.03515625 0.03125 0.517211
0 0.292969 0.294922 0.050781 0.050781 0.559245
0 0.1777345 0.3059895 0.0371094 0.0572915 0.561456
0 0.102539 0.471354 0.03125 0.03385415 0.562778
0 0.4433595 0.2923175 0.064453 0.066406 0.564942
0 0.470215 0.205078 0.0595705 0.079427 0.570756
0 0.2026365 0.35742199999999996 0.04589845 0.0533855 0.575522
0 0.2509765 0.3515625 0.0449219 0.059896 0.58979
0 0.3740235 0.3372395000000001 0.060547 0.075521 0.619607
0 0.292969 0.217448 0.0625 0.080729 0.63676
0 0.222168 0.4752604999999999 0.0419922 0.04427085 0.649771
0 0.3012695 0.3606770000000001 0.0595705 0.0703125 0.666904
0 0.898926 0.486979 0.03027345 0.02604165 0.25947
0 0.6435545 0.02734375 0.0488281 0.046875 0.263415
0 0.5751955 0.02734375 0.0625 0.0546875 0.266685
0 0.611328 0.20833350000000003 0.0449219 0.0677085 0.277062
0 0.5595705 0.4596354999999999 0.060547 0.0572915 0.30374
0 0.6787110000000001 0.1673175 0.0546875 0.0377604 0.308537
0 0.5947265 0.486979 0.058594 0.0234375 0.317584
0 0.785156 0.235677 0.0371094 0.046875 0.319143
0 0.6762695 0.21809899999999996 0.0419922 0.0559895 0.341213
0 0.8598635 0.36914050000000004 0.04785155 0.050781 0.357247
0 0.869629 0.48632800000000004 0.0439453 0.02734375 0.366966
0 0.7978514999999999 0.315104 0.0332031 0.046875 0.375763
1 0.6787110000000001 0.3125 0.050781 0.0677085 0.390577
0 0.8125 0.076172 0.0488281 0.03515625 0.406376
0 0.676758 0.313151 0.0527345 0.066406 0.407738
0 0.599121 0.1497395 0.0439453 0.046875 0.41078
0 0.6962889999999999 0.41210949999999996 0.058594 0.0690105 0.415905
0 0.741699 0.1477865 0.0361328 0.0325521 0.418993
0 0.7099610000000001 0.17252600000000004 0.04296875 0.0533855 0.427924
0 0.54833985 0.152344 0.053711 0.0546875 0.440601
0 0.769531 0.3580729999999999 0.046875 0.0520835 0.451283
0 0.770508 0.2128905 0.0410156 0.0403646 0.461713
0 0.57959 0.33138 0.0498047 0.0455729 0.466581
0 0.53027345 0.48112 0.0527345 0.0377604 0.474919
0 0.8559570000000001 0.251953 0.0439453 0.03515625 0.478272
1 0.694824 0.4108075 0.057617 0.0690105 0.503219
0 0.8100585 0.37304699999999996 0.055664 0.074219 0.512743
0 0.8090820000000001 0.1940105 0.0361328 0.04166665 0.529196
0 0.734375 0.2076825 0.0390625 0.050781 0.544696
0 0.5395508 0.3763020000000001 0.051758 0.0729165 0.557107
0 0.808594 0.2610675 0.0371094 0.0559895 0.559198
0 0.52246095 0.32487 0.0449219 0.0377604 0.562858
0 0.6396485000000001 0.40820300000000004 0.0546875 0.089844 0.575552
0 0.7075195 0.2408855 0.051758 0.0572915 0.594254
0 0.617676 0.314453 0.057617 0.076823 0.610997
0 0.572754 0.2122395 0.051758 0.080729 0.640777
0 0.371582 0.6764325000000001 0.04003905 0.050781 0.254512
0 0.15625 0.5097656 0.04296875 0.01953125 0.26222
0 0.229004 0.8326825000000001 0.0439453 0.0455729 0.264133
0 0.3964845 0.6471355 0.0371094 0.04427085 0.280154
0 0.154785 0.8248700000000001 0.0419922 0.050781 0.286265
0 0.272461 0.6634114999999999 0.060547 0.058594 0.30465
0 0.2592775 0.9641924999999999 0.04785155 0.0403646 0.325256
0 0.3149415 0.5234375 0.04785155 0.04166665 0.330599
0 0.313965 0.9505210000000001 0.0595705 0.04947915 0.334986
0 0.1206055 0.891927 0.051758 0.059896 0.339498
0 0.1572265 0.6464845 0.03125 0.0455729 0.360442
0 0.1743165 0.54427085 0.0439453 0.046875 0.362233
0 0.292969 0.9244789999999999 0.0488281 0.0546875 0.402927
0 0.147949 0.6783855000000001 0.0439453 0.04427085 0.423228
0 0.095703 0.7421875 0.0292969 0.0390625 0.423829
0 0.4316405 0.6536460000000001 0.04296875 0.046875 0.438743
0 0.1831055 0.689453 0.03808595 0.0403646 0.444829
0 0.234375 0.7115885000000001 0.0527345 0.0559895 0.444983
0 0.083008 0.6503905 0.0292969 0.0377604 0.446165
0 0.367676 0.7278644999999999 0.04003905 0.04947915 0.448774
0 0.440918 0.5247396 0.051758 0.046875 0.461162
0 0.1191405 0.779948 0.050781 0.04947915 0.469462
0 0.277344 0.8509114999999999 0.0683595 0.058594 0.479842
0 0.198242 0.6458335000000001 0.0449219 0.046875 0.482284
0 0.0874025 0.6067710000000001 0.0263672 0.03645835 0.48461
0 0.177246 0.7864585000000001 0.053711 0.0520835 0.487564
0 0.408203 0.9765625 0.050781 0.04427085 0.494799
0 0.4526365 0.970052 0.051758 0.059896 0.503994
0 0.28125 0.5234375 0.0527345 0.04166665 0.518302
0 0.114746 0.6380210000000001 0.0361328 0.04427085 0.527333
0 0.361328 0.859375 0.0488281 0.0520835 0.530701
0 0.292969 0.7246095 0.0625 0.058594 0.540269
0 0.305664 0.8209635000000001 0.0546875 0.050781 0.542881
0 0.260742 0.7747395 0.046875 0.065104 0.56583
0 0.408203 0.8320310000000001 0.060547 0.0625 0.577045
0 0.402832 0.8899739999999999 0.073242 0.0481771 0.581995
0 0.243164 0.5371094 0.046875 0.066406 0.585398
0 0.411133 0.7298174999999999 0.0566405 0.061198 0.600537
