0 0.4643555 0.02604165 0.051758 0.04947915 0.263005
1 0.4628905 0.02604165 0.050781 0.04947915 0.270187
0 0.208496 0.19987 0.0810545 0.082031 0.278512
0 0.2109375 0.325521 0.0410156 0.0390625 0.280781
0 0.2563475 0.3046875 0.03027345 0.0390625 0.293455
0 0.413574 0.47851550000000004 0.0654295 0.04296875 0.296294
0 0.4560545 0.139974 0.04296875 0.04296875 0.300703
0 0.3588865 0.173177 0.0615235 0.046875 0.311992
0 0.4213865 0.01953125 0.04589845 0.0390625 0.312708
0 0.152832 0.4602865 0.03027345 0.0403646 0.324361
0 0.387207 0.2708335 0.055664 0.0520835 0.331484
0 0.1674805 0.3697915 0.0341797 0.059896 0.344422
0 0.190918 0.063802 0.0439453 0.04947915 0.38255
0 0.4277345 0.17447899999999997 0.046875 0.0572915 0.384403
0 0.294922 0.154948 0.0625 0.04427085 0.404724
0 0.470703 0.205078 0.058594 0.079427 0.415662
0 0.307617 0.4759115 0.0371094 0.0377604 0.420911
0 0.1416015 0.36914050000000004 0.03515625 0.0481771 0.426454
0 0.182129 0.4583335 0.03027345 0.04166665 0.45443
0 0.3378905 0.2076825 0.0566405 0.058594 0.474372
0 0.2753905 0.45898449999999996 0.050781 0.0533855 0.478597
0 0.1035155 0.3372395000000001 0.03515625 0.03385415 0.497507
0 0.1376955 0.328125 0.0332031 0.0390625 0.501455
0 0.292969 0.294922 0.050781 0.050781 0.52168
1 0.470703 0.20377600000000004 0.058594 0.079427 0.525436
0 0.4433595 0.2923175 0.064453 0.0690105 0.53192
0 0.177246 0.3059895 0.03808595 0.0572915 0.551712
0 0.203125 0.35742199999999996 0.046875 0.0533855 0.556678
0 0.1015625 0.471354 0.0292969 0.03385415 0.560435
0 0.2504885 0.3522135 0.0439453 0.061198 0.585297
0 0.371094 0.3372395000000001 0.060547 0.0703125 0.606709
0 0.292969 0.21809899999999996 0.0625 0.082031 0.620869
0 0.2216795 0.47460949999999996 0.04296875 0.0455729 0.639901
0 0.300781 0.36132800000000004 0.060547 0.0690105 0.642155
0 0.785156 0.23502600000000004 0.0390625 0.0455729 0.252775
0 0.6962889999999999 0.4114585 0.058594 0.0703125 0.260962
0 0.676758 0.21875 0.04296875 0.0572915 0.275699
1 0.770508 0.35612 0.04296875 0.0533855 0.303973
0 0.6787110000000001 0.1673175 0.0546875 0.0377604 0.306946
0 0.595215 0.486979 0.0595705 0.0234375 0.319295
0 0.8598635 0.3671875 0.04589845 0.046875 0.325617
0 0.677246 0.313151 0.051758 0.066406 0.339706
0 0.7690429999999999 0.35742199999999996 0.04785155 0.0533855 0.353366
1 0.5595705 0.4602865 0.058594 0.061198 0.36141
0 0.869629 0.485026 0.04589845 0.0247396 0.381359
0 0.7978514999999999 0.315104 0.0332031 0.046875 0.381438
0 0.5996095 0.1490885 0.04296875 0.0481771 0.38735
0 0.8125 0.075521 0.0488281 0.03645835 0.409122
0 0.8081054999999999 0.371745 0.0439453 0.066406 0.417887
1 0.6787110000000001 0.311849 0.0527345 0.0690105 0.418789
0 0.741699 0.1477865 0.0361328 0.0325521 0.419507
0 0.54833985 0.152344 0.053711 0.0546875 0.425631
0 0.770508 0.2122395 0.0410156 0.0390625 0.437006
0 0.7099610000000001 0.173177 0.04296875 0.0520835 0.443879
0 0.8559570000000001 0.252604 0.0439453 0.03385415 0.446029
0 0.57959 0.33138 0.04785155 0.0455729 0.458701
0 0.5283203 0.4791665 0.0566405 0.0390625 0.465727
0 0.734375 0.20833350000000003 0.0410156 0.0572915 0.474136
0 0.63916 0.4075520000000001 0.053711 0.091146 0.475897
0 0.5415039 0.377604 0.04785155 0.0677085 0.489454
0 0.8081054999999999 0.1940105 0.03808595 0.04427085 0.493498
0 0.52246095 0.32487 0.0449219 0.0377604 0.558998
0 0.808594 0.2610675 0.0371094 0.058594 0.564164
0 0.617676 0.313802 0.057617 0.078125 0.572599
1 0.6953125 0.410156 0.0566405 0.0677085 0.581708
0 0.7075195 0.24153649999999996 0.051758 0.058594 0.58217
0 0.572754 0.2128905 0.051758 0.079427 0.615793
0 0.229492 0.8326825000000001 0.0488281 0.0455729 0.250952
0 0.440918 0.5247396 0.053711 0.046875 0.269509
0 0.2661135 0.652995 0.0615235 0.079427 0.269509
0 0.3950195 0.6503905 0.0439453 0.0559895 0.274069
0 0.157715 0.6464845 0.03222655 0.0455729 0.275302
1 0.4331055 0.5253906 0.0615235 0.0481771 0.282681
0 0.314453 0.5234375 0.046875 0.04166665 0.282949
0 0.3120115 0.9505210000000001 0.0634765 0.059896 0.288935
0 0.2592775 0.9641924999999999 0.04785155 0.0403646 0.29987
0 0.184082 0.6888019999999999 0.03808595 0.04166665 0.315535
0 0.2924805 0.9251299999999999 0.051758 0.0559895 0.335429
0 0.1728515 0.5377604 0.0449219 0.04427085 0.338583
0 0.1206055 0.891927 0.053711 0.0625 0.3565
0 0.1518555 0.6796875 0.053711 0.04166665 0.366945
0 0.2348635 0.7122394999999999 0.051758 0.0546875 0.405235
0 0.0961915 0.7428385000000001 0.03027345 0.0377604 0.40708
0 0.198242 0.6458335000000001 0.0449219 0.046875 0.411918
0 0.4311525 0.6536460000000001 0.0419922 0.046875 0.421566
0 0.083008 0.6503905 0.03125 0.0403646 0.424949
0 0.367676 0.7278644999999999 0.04003905 0.04947915 0.426059
0 0.1186525 0.779297 0.04785155 0.0481771 0.438215
0 0.2768555 0.8509114999999999 0.071289 0.058594 0.448181
0 0.407715 0.9765625 0.051758 0.04427085 0.451155
0 0.453125 0.9694010000000001 0.050781 0.058594 0.461174
0 0.0874025 0.607422 0.0283203 0.0377604 0.468467
0 0.1762695 0.7864585000000001 0.053711 0.0520835 0.473946
0 0.408203 0.8320310000000001 0.058594 0.0625 0.480723
0 0.36084 0.860677 0.0498047 0.0520835 0.489004
0 0.305664 0.8209635000000001 0.0566405 0.050781 0.491147
0 0.2802735 0.52278645 0.0546875 0.04296875 0.507995
0 0.2924805 0.7246095 0.0634765 0.058594 0.513193
0 0.260254 0.7740885000000001 0.04589845 0.066406 0.514475
0 0.114746 0.6380210000000001 0.03808595 0.04427085 0.516282
0 0.244629 0.53841145 0.0498047 0.0690105 0.542045
0 0.4033205 0.8899739999999999 0.0722655 0.0481771 0.552947
0 0.411133 0.7304689999999999 0.0566405 0.059896 0.571326
0 0.5288086 0.8717450000000001 0.0439453 0.0533855 0.265503
0 0.8081054999999999 0.6946614999999999 0.053711 0.0559895 0.27217
0 0.684082 0.986328 0.04589845 0.0247396 0.275584
0 0.5336914 0.9088539999999999 0.0615235 0.04947915 0.285889
0 0.8916014999999999 0.6184895 0.0410156 0.0390625 0.326119
0 0.669922 0.970703 0.04296875 0.0299479 0.336157
0 0.8784179999999999 0.5371094 0.0595705 0.0690105 0.359324
0 0.5620115 0.8151039999999999 0.0419922 0.0572915 0.363347
0 0.7143555 0.9622395 0.03808595 0.0520835 0.363478
0 0.690918 0.7558595 0.03808595 0.0455729 0.3667
0 0.5791015 0.6744789999999999 0.0449219 0.0703125 0.380284
0 0.8618165 0.8945310000000001 0.0419922 0.0729165 0.383477
0 0.595215 0.5527345 0.03808595 0.050781 0.384648
0 0.7060545 0.8665364999999999 0.0546875 0.0377604 0.387353
0 0.5229492 0.8190105 0.04003905 0.065104 0.393688
0 0.8115235000000001 0.6367189999999999 0.0625 0.0546875 0.39471
0 0.8657225 0.7714845 0.0341797 0.03515625 0.397952
0 0.5683595 0.970052 0.050781 0.046875 0.413979
0 0.811035 0.8040364999999999 0.04003905 0.0455729 0.414163
0 0.6655275 0.6790364999999999 0.04589845 0.04296875 0.418938
0 0.8066405 0.5488281 0.0566405 0.066406 0.419568
0 0.6591795 0.8658855 0.050781 0.059896 0.426562
0 0.8779295 0.65625 0.0390625 0.04166665 0.427746
0 0.659668 0.7220049999999999 0.0595705 0.0481771 0.438659
0 0.8549804999999999 0.8040364999999999 0.0439453 0.0377604 0.442401
0 0.7802735000000001 0.8365885000000001 0.050781 0.0403646 0.483431
0 0.770508 0.798828 0.0410156 0.0455729 0.48345
0 0.5395508 0.546875 0.067383 0.0833335 0.510375
0 0.680176 0.9375 0.0419922 0.0546875 0.529671
0 0.684082 0.8079424999999999 0.0419922 0.058594 0.595603
1 0.6884764999999999 0.5253906 0.058594 0.0481771 0.596393
