1 0.475 0.9388585 0.05 0.0815215 0.37322
0 0.9015625 0.8675269999999999 0.04375 0.04755435000000001 0.252326
0 0.8933595000000001 0.7004075000000001 0.02890625 0.0394022 0.254555
0 0.841797 0.7425269999999999 0.03203125 0.0502715 0.287492
0 0.8277345 0.7262230000000001 0.0554685 0.0692935 0.287494
0 0.8488279999999999 0.6494565 0.03828125 0.04891305 0.309871
1 0.8496095 0.6494565 0.04140625 0.04891305 0.354627
0 0.9546875 0.683424 0.05 0.04619564999999999 0.361897
1 0.823828 0.82269 0.03515625 0.05842399999999999 0.369234
0 0.8054684999999999 0.7377714999999999 0.034375 0.0516305 0.377531
0 0.8078125 0.625 0.034375 0.04347825 0.398947
0 0.8234375 0.8233694999999999 0.0296875 0.04347825 0.422848
0 0.964844 0.752038 0.0515625 0.066576 0.497621
0 0.9460934999999999 0.798913 0.05 0.067935 0.538598
0 0.8542970000000001 0.9205165 0.03828125 0.052988999999999994 0.546958
0 0.9476559999999999 0.6548915 0.0703125 0.103261 0.605311
