1 0.9671875 0.4191575 0.0390625 0.05842399999999999 0.271301
0 0.957422 0.320652 0.071094 0.1086955 0.278893
1 0.8914059999999999 0.478261 0.0453125 0.04347825 0.286957
0 0.824219 0.398777 0.0671875 0.0774455 0.28854
1 0.9050779999999999 0.372962 0.03828125 0.04483695 0.345129
0 0.965625 0.413723 0.05 0.072011 0.357995
0 0.5640625 0.27106 0.128125 0.15625 0.366532
1 0.8175779999999999 0.398777 0.071094 0.088315 0.377379
0 0.8125 0.288723 0.0421875 0.0502715 0.387055
1 0.9441404999999999 0.4653535 0.0523435 0.0638585 0.398296
0 0.8152345000000001 0.4809785 0.03984375 0.0380435 0.398411
0 0.8535155 0.3172555 0.03671875 0.0557065 0.477453
1 0.9527345 0.3192935 0.080469 0.11684799999999998 0.484312
1 0.46171850000000003 0.6195649999999999 0.053125 0.1548915 0.487098
1 0.46757799999999994 0.7275815000000001 0.0523435 0.12364149999999999 0.498981
1 0.4734375 0.8057065000000001 0.053125 0.1141305 0.519761
0 0.47578149999999997 0.4307065 0.0484375 0.138587 0.258337
0 0.841797 0.5835600000000001 0.03671875 0.052988999999999994 0.573873
0 0.815625 0.6351899999999999 0.0375 0.052988999999999994 0.633687
