1 0.3061525 0.1341145 0.0654295 0.059896 0.285052
0 0.2441405 0.340495 0.0371094 0.03515625 0.287924
0 0.1689455 0.03971355 0.0292969 0.0299479 0.291144
0 0.119629 0.486979 0.0498047 0.0234375 0.298597
1 0.179199 0.19270850000000003 0.0615235 0.0546875 0.299933
0 0.267578 0.1933595 0.0410156 0.0559895 0.300671
0 0.099121 0.1145835 0.02441405 0.02864585 0.316746
0 0.175781 0.1940105 0.064453 0.0546875 0.319292
0 0.395996 0.1490885 0.0654295 0.050781 0.319876
0 0.4697265 0.156901 0.060547 0.074219 0.347795
0 0.135254 0.3385415 0.04589845 0.046875 0.362427
0 0.04296875 0.41992199999999996 0.0371094 0.0533855 0.382517
0 0.088379 0.091797 0.0283203 0.03515625 0.39062
0 0.4243165 0.090495 0.057617 0.066406 0.407822
0 0.0717775 0.1360675 0.02246095 0.0325521 0.41261
0 0.434082 0.1953125 0.051758 0.0703125 0.429829
0 0.0722655 0.377604 0.0390625 0.0390625 0.430073
0 0.2001955 0.325521 0.0449219 0.0390625 0.437231
0 0.161621 0.0703125 0.0361328 0.0390625 0.438179
0 0.255371 0.1328125 0.04589845 0.03645835 0.440039
0 0.269531 0.0514325 0.0410156 0.0559895 0.442736
0 0.15625 0.02604165 0.0292969 0.02864585 0.443899
0 0.1401365 0.0566405 0.02441405 0.0325521 0.444359
0 0.3950195 0.282552 0.051758 0.078125 0.450673
0 0.135742 0.09505199999999998 0.0253906 0.03385415 0.460396
0 0.121094 0.3606770000000001 0.0449219 0.04947915 0.471639
0 0.133301 0.2298175 0.0419922 0.061198 0.482747
0 0.129883 0.4147135 0.0527345 0.050781 0.488804
0 0.063965 0.20638 0.02441405 0.0325521 0.503362
0 0.0791015 0.22916649999999997 0.0332031 0.03125 0.506469
0 0.381836 0.3671875 0.060547 0.0885415 0.522448
0 0.4521485 0.33398449999999996 0.089844 0.079427 0.523681
0 0.1171875 0.1660155 0.0292969 0.0481771 0.532953
0 0.216797 0.38737 0.0449219 0.074219 0.551267
0 0.4785155 0.09244800000000002 0.04296875 0.046875 0.551905
1 0.2807615 0.3841145000000001 0.084961 0.0677085 0.553083
0 0.426758 0.3828125 0.0703125 0.091146 0.59979
0 0.2470705 0.2903645 0.060547 0.065104 0.631279
0 0.717285 0.0214844 0.0419922 0.03515625 0.250683
0 0.6572264999999999 0.138672 0.050781 0.0533855 0.256558
0 0.895996 0.363281 0.0615235 0.0546875 0.277494
1 0.50878905 0.173177 0.0175781 0.0520835 0.299667
1 0.607422 0.264323 0.066406 0.0520835 0.320843
0 0.9609375 0.4114585 0.04296875 0.0520835 0.321143
0 0.652832 0.2910155 0.051758 0.0455729 0.337095
0 0.604004 0.264323 0.055664 0.0520835 0.342759
0 0.8872070000000001 0.33138 0.057617 0.050781 0.344736
0 0.78125 0.12369800000000002 0.050781 0.04427085 0.392386
1 0.900879 0.405599 0.055664 0.063802 0.430677
0 0.804199 0.21158850000000004 0.057617 0.08463550000000002 0.43408
0 0.9443360000000001 0.344401 0.0488281 0.050781 0.441693
0 0.6313475 0.390625 0.04785155 0.0703125 0.445054
0 0.9028320000000001 0.40820300000000004 0.051758 0.061198 0.454281
0 0.986328 0.391276 0.02734375 0.0481771 0.457049
0 0.6274415 0.153646 0.04785155 0.0729165 0.465138
1 0.746582 0.360026 0.0771485 0.076823 0.466082
0 0.807129 0.3958335 0.04785155 0.0833335 0.4994
0 0.592285 0.0299479 0.0498047 0.059896 0.51746
0 0.5791015 0.1490885 0.060547 0.074219 0.525937
0 0.9560545 0.23177100000000003 0.03125 0.03645835 0.527361
0 0.75 0.360026 0.082031 0.0690105 0.535081
0 0.604492 0.34179699999999996 0.060547 0.09244800000000002 0.539778
0 0.8349610000000001 0.1503905 0.0488281 0.0559895 0.562889
0 0.618164 0.074219 0.0488281 0.065104 0.577715
0 0.7578125 0.15625 0.058594 0.0572915 0.578772
0 0.7900389999999999 0.30013 0.064453 0.0690105 0.580514
0 0.9287110000000001 0.23112 0.0332031 0.03515625 0.581171
0 0.730957 0.0527345 0.0498047 0.061198 0.591044
1 0.207031 0.859375 0.0722655 0.059896 0.253817
1 0.2026365 0.939453 0.0634765 0.0716145 0.261789
0 0.4350585 0.779948 0.0439453 0.0703125 0.264661
1 0.0756835 0.7493489999999999 0.055664 0.061198 0.266805
1 0.067871 0.8971355 0.071289 0.0625 0.288588
0 0.254883 0.63737 0.080078 0.082031 0.290483
1 0.3652345 0.8548174999999999 0.066406 0.074219 0.301174
0 0.410156 0.919922 0.0488281 0.0533855 0.307981
0 0.07959 0.7545575000000001 0.0595705 0.0690105 0.32335
1 0.1123045 0.7304689999999999 0.0546875 0.065104 0.324654
1 0.401367 0.829427 0.0625 0.09375 0.326303
0 0.261719 0.5683595 0.066406 0.0690105 0.32724
1 0.436035 0.783203 0.051758 0.0690105 0.330802
0 0.3671875 0.8548174999999999 0.0625 0.074219 0.333708
0 0.182617 0.623698 0.0527345 0.0520835 0.347996
0 0.114258 0.5234375 0.050781 0.04427085 0.361675
0 0.1171875 0.7252605000000001 0.0449219 0.0677085 0.363958
1 0.3779295 0.673828 0.0703125 0.076823 0.36787
1 0.3481445 0.9798174999999999 0.04003905 0.0403646 0.380739
1 0.254883 0.639323 0.0839845 0.075521 0.384123
0 0.2055665 0.938802 0.057617 0.075521 0.391953
0 0.404297 0.8313799999999999 0.050781 0.097656 0.415378
1 0.2646485 0.9401039999999999 0.0683595 0.0703125 0.423833
1 0.442383 0.6399739999999999 0.1035155 0.08723949999999998 0.424894
1 0.152344 0.7897135000000001 0.0546875 0.050781 0.450827
0 0.1899415 0.52734375 0.0361328 0.0546875 0.465965
0 0.2666015 0.939453 0.0703125 0.0716145 0.478335
0 0.02978515 0.7057289999999999 0.0361328 0.059896 0.485005
1 0.2163085 0.7923174999999999 0.055664 0.066406 0.485833
0 0.463867 0.8658855 0.066406 0.075521 0.486973
0 0.4433595 0.638672 0.0996095 0.079427 0.490963
0 0.057129 0.8391924999999999 0.053711 0.0690105 0.517927
0 0.378418 0.6744789999999999 0.0654295 0.078125 0.537498
1 0.4243165 0.9785155 0.071289 0.04296875 0.548718
0 0.3535155 0.597005 0.076172 0.082031 0.603885
1 0.293457 0.8326825000000001 0.0791015 0.063802 0.652811
0 0.4140625 0.5579425 0.0683595 0.10026050000000002 0.697208
1 0.609375 0.5572914999999999 0.0878905 0.1015625 0.262143
1 0.9287110000000001 0.889323 0.060547 0.0625 0.264145
0 0.817383 0.8118489999999999 0.0390625 0.0533855 0.273121
0 0.585449 0.9772135000000001 0.0439453 0.04296875 0.278731
1 0.761719 0.593099 0.0683595 0.063802 0.286202
0 0.9877929999999999 0.6067710000000001 0.0205078 0.0625 0.310547
1 0.6083985 0.7936200000000001 0.074219 0.11588550000000002 0.320893
0 0.5498047 0.9759114999999999 0.0371094 0.04296875 0.326052
1 0.7592775 0.766927 0.0634765 0.0703125 0.331362
1 0.9252929999999999 0.78125 0.04589845 0.04947915 0.338727
0 0.8403320000000001 0.591797 0.051758 0.058594 0.342149
0 0.7724610000000001 0.8359375 0.058594 0.078125 0.384567
0 0.8046875 0.55013 0.060547 0.089844 0.390982
0 0.8183595 0.623698 0.0488281 0.059896 0.414599
0 0.6118165 0.5540365 0.084961 0.10026050000000002 0.430474
0 0.7578125 0.767578 0.060547 0.0716145 0.434642
0 0.760742 0.593099 0.0703125 0.063802 0.434922
1 0.878906 0.764323 0.064453 0.0677085 0.436214
1 0.770508 0.8365885000000001 0.064453 0.076823 0.454189
0 0.878906 0.764323 0.060547 0.0729165 0.463169
1 0.841797 0.8522135000000001 0.0546875 0.0716145 0.48657
0 0.692871 0.595703 0.053711 0.082031 0.48829
0 0.769531 0.9401039999999999 0.04296875 0.065104 0.492826
0 0.6650389999999999 0.9069010000000001 0.0449219 0.050781 0.495319
0 0.60791 0.9055989999999999 0.067383 0.050781 0.500622
0 0.8090820000000001 0.764323 0.0361328 0.0625 0.510879
0 0.652344 0.595052 0.0566405 0.0833335 0.511394
0 0.6064455 0.7903645 0.0703125 0.111979 0.514679
0 0.6845705 0.6777345 0.0625 0.082031 0.574977
0 0.6806639999999999 0.829427 0.060547 0.0859375 0.579713
0 0.958496 0.5742189999999999 0.0498047 0.0572915 0.586841
0 0.715332 0.9596355 0.053711 0.0625 0.59964
0 0.6152345 0.6634114999999999 0.0839845 0.0716145 0.612322
