0 0.20459 0.9889325000000001 0.057617 0.0221354 0.268705
0 0.186035 0.8430989999999999 0.04589845 0.0325521 0.283546
0 0.1342775 0.60612 0.057617 0.058594 0.284192
0 0.215332 0.7923174999999999 0.0439453 0.0716145 0.291398
0 0.4106445 0.920573 0.0498047 0.0520835 0.292895
1 0.4624025 0.8626299999999999 0.073242 0.074219 0.298246
0 0.150879 0.7942710000000001 0.057617 0.0520835 0.300083
1 0.2495115 0.6412760000000001 0.084961 0.074219 0.321082
1 0.347656 0.9804689999999999 0.0390625 0.0390625 0.330421
0 0.3671875 0.8548174999999999 0.0625 0.074219 0.331518
0 0.185547 0.623047 0.058594 0.0533855 0.333505
0 0.4370115 0.782552 0.051758 0.0677085 0.349833
0 0.254883 0.6380210000000001 0.080078 0.080729 0.363098
0 0.1152345 0.5234375 0.0527345 0.04427085 0.387921
0 0.118164 0.7259114999999999 0.04296875 0.0690105 0.398981
1 0.215332 0.7884114999999999 0.0498047 0.074219 0.400691
1 0.152344 0.7903645 0.0546875 0.0520835 0.409395
0 0.0751955 0.751302 0.050781 0.065104 0.45425
0 0.1904295 0.5292969 0.0410156 0.0559895 0.455973
0 0.260742 0.5690105 0.0703125 0.0729165 0.478429
0 0.02978515 0.7057289999999999 0.0361328 0.059896 0.501301
0 0.442871 0.638672 0.098633 0.079427 0.520867
0 0.463867 0.8665364999999999 0.0683595 0.074219 0.524949
1 0.4243165 0.9778645 0.073242 0.04427085 0.5362
0 0.2646485 0.938802 0.0683595 0.0703125 0.538748
0 0.205078 0.938802 0.0546875 0.075521 0.542534
0 0.0566405 0.8385414999999999 0.0527345 0.0703125 0.549698
0 0.4052735 0.8320310000000001 0.060547 0.091146 0.557051
0 0.378418 0.6751299999999999 0.067383 0.076823 0.601615
1 0.292969 0.8313799999999999 0.080078 0.063802 0.621506
0 0.354004 0.597005 0.0751955 0.082031 0.630023
0 0.4140625 0.5585939999999999 0.0683595 0.0989585 0.688417
0 0.119629 0.486979 0.0498047 0.0234375 0.279793
0 0.1689455 0.03971355 0.0292969 0.02734375 0.301576
0 0.2817385 0.3834635 0.0751955 0.074219 0.31424
0 0.402832 0.1490885 0.0634765 0.050781 0.328267
0 0.0859375 0.09505199999999998 0.0332031 0.03645835 0.329843
0 0.1342775 0.3385415 0.0439453 0.046875 0.366619
0 0.0717775 0.1360675 0.02246095 0.0325521 0.37444
0 0.129883 0.23697899999999997 0.0410156 0.065104 0.389264
0 0.470215 0.156901 0.0595705 0.074219 0.393985
0 0.3081055 0.127604 0.051758 0.04427085 0.395435
0 0.175293 0.1933595 0.0615235 0.0533855 0.405584
0 0.1220705 0.358724 0.0449219 0.050781 0.418553
0 0.2680665 0.05013 0.04003905 0.063802 0.419933
0 0.1376955 0.09375 0.0234375 0.03125 0.420764
0 0.241699 0.340495 0.0419922 0.0377604 0.421903
0 0.197754 0.32487 0.0439453 0.0403646 0.42452
0 0.255371 0.1328125 0.04589845 0.03645835 0.44467
0 0.1621095 0.0703125 0.0371094 0.0390625 0.444881
0 0.4213865 0.0885415 0.057617 0.0729165 0.456064
0 0.04296875 0.41992199999999996 0.0332031 0.050781 0.470796
0 0.4331055 0.19791649999999997 0.0615235 0.065104 0.472595
1 0.2783205 0.3834635 0.080078 0.066406 0.477271
0 0.0786135 0.2285155 0.03222655 0.0325521 0.479474
0 0.1401365 0.0559895 0.0263672 0.03385415 0.481189
0 0.26709 0.19270850000000003 0.04003905 0.0546875 0.508459
0 0.130371 0.4140625 0.053711 0.04947915 0.517603
0 0.063965 0.20638 0.02441405 0.0325521 0.525976
0 0.117676 0.1653645 0.03027345 0.04947915 0.530061
0 0.2163085 0.388021 0.0439453 0.075521 0.534078
0 0.0717775 0.37695300000000004 0.0419922 0.0403646 0.560104
0 0.394043 0.283203 0.053711 0.074219 0.576322
0 0.479004 0.09244800000000002 0.0419922 0.04427085 0.590499
0 0.381836 0.3678385 0.060547 0.089844 0.59387
0 0.4521485 0.332031 0.089844 0.080729 0.619776
0 0.4262695 0.3834635 0.071289 0.089844 0.642728
0 0.2470705 0.2903645 0.058594 0.065104 0.648129
0 0.8969725 0.361979 0.057617 0.0572915 0.253545
0 0.7026365 0.0123698 0.051758 0.0247396 0.262686
0 0.6552735000000001 0.326823 0.04296875 0.04947915 0.264827
0 0.716797 0.0214844 0.0410156 0.03515625 0.267879
0 0.658203 0.1497395 0.050781 0.0677085 0.296251
1 0.5083008 0.171875 0.01660155 0.0520835 0.301159
0 0.604492 0.264323 0.066406 0.0546875 0.31625
1 0.900879 0.40625 0.057617 0.0625 0.339467
1 0.60791 0.264323 0.069336 0.0546875 0.340046
0 0.8876955 0.33138 0.0566405 0.050781 0.3699
0 0.9589845 0.4147135 0.0410156 0.0455729 0.381193
0 0.9853514999999999 0.390625 0.0292969 0.04427085 0.439777
0 0.632324 0.15625 0.0615235 0.080729 0.443659
0 0.7802735000000001 0.123047 0.0488281 0.04296875 0.452959
0 0.652344 0.2910155 0.0488281 0.04296875 0.460237
0 0.6313475 0.390625 0.04589845 0.0703125 0.463318
0 0.944824 0.344401 0.04785155 0.050781 0.486823
0 0.591797 0.0292969 0.050781 0.058594 0.510226
0 0.8037110000000001 0.2109375 0.0546875 0.0833335 0.517033
0 0.9028320000000001 0.4075520000000001 0.051758 0.059896 0.526507
0 0.9560545 0.23112 0.0292969 0.03515625 0.542696
0 0.807617 0.39648449999999996 0.050781 0.076823 0.563435
0 0.835449 0.1503905 0.0498047 0.0559895 0.568492
0 0.602051 0.343099 0.0615235 0.089844 0.579991
0 0.9287110000000001 0.23112 0.03125 0.03515625 0.587747
0 0.6186525 0.07487 0.0498047 0.063802 0.59117
0 0.730957 0.0520835 0.04785155 0.0625 0.612338
0 0.757324 0.157552 0.057617 0.0572915 0.616065
0 0.5791015 0.1497395 0.060547 0.0729165 0.616082
0 0.7495115 0.359375 0.0791015 0.0703125 0.624073
0 0.789551 0.298828 0.0634765 0.0690105 0.634834
0 0.5493164 0.9752605 0.0361328 0.04427085 0.250247
1 0.770508 0.8372395 0.064453 0.078125 0.27471
0 0.6401365 0.8697914999999999 0.0419922 0.03645835 0.283463
0 0.817383 0.811198 0.0390625 0.0520835 0.299177
0 0.9873045 0.608073 0.0234375 0.059896 0.312322
0 0.8964845 0.8209635000000001 0.046875 0.0533855 0.321227
0 0.817871 0.623047 0.0498047 0.061198 0.324806
1 0.9282225 0.7805989999999999 0.0419922 0.0533855 0.351722
0 0.7993165 0.55013 0.069336 0.09244800000000002 0.380684
1 0.842285 0.8528645 0.053711 0.0729165 0.389589
1 0.878906 0.764323 0.064453 0.0677085 0.391204
0 0.8427735000000001 0.8528645 0.0449219 0.078125 0.405304
0 0.6533205 0.594401 0.0566405 0.079427 0.428145
0 0.7690429999999999 0.9407549999999999 0.0419922 0.063802 0.43969
0 0.7719725 0.8365885000000001 0.057617 0.076823 0.46002
0 0.760742 0.592448 0.0722655 0.065104 0.467352
0 0.8784179999999999 0.7649739999999999 0.0634765 0.066406 0.479607
0 0.7587889999999999 0.7682289999999999 0.0566405 0.0677085 0.488056
0 0.8090820000000001 0.7649739999999999 0.0361328 0.063802 0.489791
0 0.6083985 0.904948 0.066406 0.04947915 0.513376
0 0.692383 0.595703 0.0566405 0.08463550000000002 0.531875
0 0.664551 0.9069010000000001 0.0439453 0.050781 0.547634
0 0.6064455 0.7910155 0.0703125 0.113281 0.554512
0 0.6845705 0.6770835000000001 0.064453 0.0833335 0.569304
0 0.958008 0.5742189999999999 0.0488281 0.0572915 0.588732
0 0.7143555 0.9609375 0.0595705 0.065104 0.613477
0 0.6806639999999999 0.829427 0.060547 0.0859375 0.616323
0 0.616211 0.6640625 0.0839845 0.0729165 0.64106
0 0.611328 0.5527345 0.0859375 0.10026050000000002 0.649924
