0 0.5859375 0.326087 0.171875 0.1684785 0.251401
0 0.9636720000000001 0.417799 0.04765625 0.0692935 0.273922
0 0.9523440000000001 0.3192935 0.0703125 0.103261 0.28771
1 0.9621095000000001 0.419837 0.050781 0.0625 0.29559
0 0.8058595000000001 0.411685 0.03828125 0.04619564999999999 0.296775
0 0.8109375 0.2921195 0.034375 0.04619564999999999 0.313654
0 0.9679690000000001 0.3471465 0.040625 0.0638585 0.328139
1 0.9433595 0.4680705 0.0539065 0.0638585 0.345387
1 0.851953 0.319973 0.04140625 0.052988999999999994 0.396873
0 0.851953 0.3247285 0.03984375 0.057065 0.397261
0 0.54453125 0.4504075 0.0890625 0.09918500000000001 0.466743
0 0.4515625 0.6032609999999999 0.096875 0.192935 0.320608
1 0.4796875 0.8505434999999999 0.0390625 0.09510850000000001 0.345321
0 0.298047 0.8288044999999999 0.080469 0.0788045 0.410548
1 0.47734350000000003 0.767663 0.0421875 0.111413 0.512
1 0.46171850000000003 0.6983695000000001 0.0625 0.1005435 0.644924
0 0.8890625 0.5414402 0.0421875 0.04211955 0.347893
0 0.8148434999999999 0.640625 0.0359375 0.0611415 0.498955
0 0.8414065000000001 0.5903535000000001 0.0359375 0.0502715 0.579676
