0 0.8 0.6908964999999999 0.034375 0.0502715 0.280275
1 0.9039065000000001 0.7092390000000001 0.04375 0.04619564999999999 0.317343
0 0.8089845 0.627038 0.03203125 0.04211955 0.37723
0 0.85 0.652174 0.040625 0.0516305 0.407074
1 0.8507815000000001 0.6494565 0.05 0.04891305 0.418831
1 0.810547 0.6256794999999999 0.04296875 0.04755435000000001 0.425969
0 0.8226559999999999 0.826087 0.0328125 0.04619564999999999 0.446733
0 0.964453 0.7533965000000001 0.0523435 0.0692935 0.482519
0 0.855469 0.9205165 0.040625 0.0611415 0.500779
0 0.9460934999999999 0.7995924999999999 0.05 0.0692935 0.566559
0 0.9472655 0.658288 0.071094 0.1046195 0.614878
0 0.8308595000000001 0.7309785000000001 0.0726565 0.0815215 0.644912
