0 0.8070309999999999 0.410326 0.040625 0.04076085 0.254987
0 0.54414065 0.370924 0.0882815 0.146739 0.282921
0 0.9582029999999999 0.3451085 0.064844 0.0652175 0.300959
0 0.796875 0.3525815 0.0375 0.05842399999999999 0.328643
0 0.9539059999999999 0.3152175 0.075 0.10597849999999999 0.354103
0 0.9445315000000001 0.464674 0.0515625 0.067935 0.38289
0 0.8140625 0.290761 0.0328125 0.04891305 0.415129
0 0.965625 0.414402 0.0515625 0.0733695 0.458079
0 0.8273440000000001 0.394701 0.0796875 0.085598 0.466692
0 0.8152345000000001 0.4809785 0.03828125 0.0380435 0.473703
0 0.855469 0.3138585 0.0390625 0.0516305 0.509376
0 0.45 0.273098 0.1 0.1222825 0.474186
0 0.5566405 0.886549 0.113281 0.142663 0.32731
0 0.5835935 0.5876359999999999 0.1421875 0.161685 0.360261
0 0.8429690000000001 0.5835600000000001 0.0375 0.052988999999999994 0.607542
0 0.815625 0.6338315 0.0359375 0.052988999999999994 0.679012
