0 0.1572265 0.0247396 0.03125 0.02604165 0.270515
0 0.1191405 0.48632800000000004 0.0488281 0.0221354 0.273191
0 0.168457 0.03971355 0.0283203 0.02734375 0.290457
0 0.434082 0.19596350000000004 0.053711 0.0690105 0.303459
0 0.4697265 0.156901 0.060547 0.0716145 0.338756
0 0.1293945 0.23697899999999997 0.0419922 0.065104 0.363442
0 0.307617 0.128255 0.0527345 0.0455729 0.367825
0 0.1342775 0.3385415 0.04589845 0.046875 0.367938
0 0.4038085 0.1490885 0.073242 0.050781 0.368587
0 0.0859375 0.09505199999999998 0.0332031 0.03645835 0.370296
0 0.4248045 0.090495 0.058594 0.0690105 0.375985
0 0.073242 0.1341145 0.0234375 0.03385415 0.397858
0 0.1782225 0.19270850000000003 0.0595705 0.0520835 0.406818
0 0.1621095 0.0703125 0.0371094 0.0390625 0.411365
0 0.2680665 0.05013 0.04003905 0.063802 0.421397
0 0.255371 0.1328125 0.04589845 0.03645835 0.422774
0 0.2001955 0.32487 0.0449219 0.0403646 0.42303
0 0.2421875 0.339844 0.03515625 0.03645835 0.432465
0 0.136719 0.093099 0.0234375 0.0299479 0.433551
0 0.1220705 0.3606770000000001 0.046875 0.04947915 0.43461
0 0.04296875 0.41992199999999996 0.0332031 0.050781 0.443957
0 0.0786135 0.2285155 0.03222655 0.0325521 0.477844
0 0.26709 0.1933595 0.04003905 0.0559895 0.488289
0 0.1401365 0.0559895 0.0263672 0.03385415 0.488389
0 0.130371 0.4140625 0.053711 0.04947915 0.50139
1 0.277344 0.3834635 0.080078 0.063802 0.513591
0 0.117676 0.1660155 0.03027345 0.050781 0.518677
0 0.063965 0.205078 0.02246095 0.0325521 0.521892
0 0.394043 0.282552 0.053711 0.075521 0.522052
0 0.216797 0.38867199999999996 0.04296875 0.074219 0.527176
0 0.382324 0.3678385 0.0615235 0.089844 0.551109
0 0.0717775 0.377604 0.0419922 0.0390625 0.570089
0 0.479004 0.09244800000000002 0.0419922 0.04427085 0.593431
0 0.427246 0.3821615 0.071289 0.09244800000000002 0.595205
0 0.4521485 0.3326825 0.089844 0.079427 0.609028
0 0.2470705 0.2903645 0.058594 0.065104 0.649838
0 0.8964845 0.359375 0.058594 0.0677085 0.255393
0 0.6557615 0.326823 0.0439453 0.04947915 0.265685
0 0.658203 0.1477865 0.050781 0.066406 0.273853
0 0.7021485000000001 0.0123698 0.0546875 0.0247396 0.276311
1 0.5083008 0.171875 0.01660155 0.0520835 0.285097
1 0.88916 0.344401 0.0615235 0.0690105 0.28888
0 0.604004 0.264323 0.0634765 0.0546875 0.327542
1 0.746582 0.360026 0.0751955 0.076823 0.331544
0 0.890625 0.332031 0.0527345 0.0520835 0.332791
1 0.60791 0.264974 0.067383 0.0533855 0.342252
0 0.9575195000000001 0.4134115 0.03808595 0.04296875 0.367165
0 0.9443360000000001 0.3450520000000001 0.0488281 0.0520835 0.412906
1 0.9003905 0.405599 0.0566405 0.061198 0.41693
0 0.8027345 0.1966145 0.0449219 0.0572915 0.418475
0 0.632324 0.15625 0.0615235 0.080729 0.420146
0 0.986328 0.3919270000000001 0.02734375 0.04947915 0.429589
0 0.652832 0.2910155 0.0498047 0.04296875 0.458157
0 0.7807615 0.123047 0.0498047 0.04296875 0.459313
0 0.9033205 0.4075520000000001 0.0527345 0.059896 0.477285
0 0.6313475 0.391276 0.0439453 0.066406 0.491615
0 0.592285 0.0292969 0.0498047 0.058594 0.506247
0 0.8066405 0.3958335 0.0449219 0.080729 0.530728
0 0.9560545 0.23112 0.0292969 0.03515625 0.533157
0 0.6015625 0.343099 0.060547 0.089844 0.566827
0 0.835449 0.1503905 0.0498047 0.0559895 0.571676
0 0.9287110000000001 0.23112 0.03125 0.03515625 0.590893
0 0.6186525 0.07487 0.0498047 0.063802 0.59299
0 0.7495115 0.360026 0.0791015 0.0690105 0.602952
0 0.789551 0.299479 0.0634765 0.0677085 0.604065
0 0.7314455 0.0520835 0.0488281 0.0625 0.609261
0 0.5791015 0.1497395 0.060547 0.0729165 0.614799
0 0.758301 0.156901 0.057617 0.0559895 0.616157
1 0.402344 0.829427 0.066406 0.09375 0.253386
1 0.0756835 0.75 0.051758 0.0625 0.254872
1 0.208496 0.859375 0.071289 0.059896 0.25752
0 0.183594 0.623047 0.0566405 0.0533855 0.263407
1 0.276367 0.9791664999999999 0.0527345 0.03645835 0.268333
0 0.215332 0.7936200000000001 0.0439453 0.0716145 0.273504
0 0.409668 0.9192710000000001 0.051758 0.0546875 0.274992
1 0.1171875 0.7265625 0.0449219 0.0677085 0.275227
0 0.186035 0.8430989999999999 0.04589845 0.0325521 0.288966
0 0.3671875 0.8554689999999999 0.0625 0.075521 0.307681
0 0.1137695 0.5234375 0.051758 0.04427085 0.330568
0 0.0751955 0.7526039999999999 0.0527345 0.0677085 0.334058
1 0.347656 0.9804689999999999 0.0390625 0.0390625 0.341229
1 0.4624025 0.8632810000000001 0.073242 0.075521 0.352641
0 0.2543945 0.638672 0.0791015 0.079427 0.365434
0 0.117676 0.7259114999999999 0.0419922 0.0690105 0.366644
0 0.4365235 0.783203 0.0527345 0.0690105 0.367575
1 0.2495115 0.641927 0.084961 0.075521 0.39957
0 0.2626955 0.939453 0.0625 0.066406 0.399851
1 0.442383 0.640625 0.105469 0.0885415 0.408316
1 0.216797 0.7923174999999999 0.0566405 0.0690105 0.412464
0 0.260254 0.5690105 0.069336 0.0703125 0.423394
0 0.189453 0.5279948 0.0371094 0.0559895 0.433548
0 0.2055665 0.938802 0.053711 0.075521 0.465326
1 0.1538085 0.794922 0.057617 0.050781 0.466579
0 0.0292969 0.7063799999999999 0.03515625 0.063802 0.467786
1 0.2646485 0.938802 0.0683595 0.0703125 0.471073
0 0.463867 0.8658855 0.0683595 0.075521 0.487849
0 0.4433595 0.638672 0.097656 0.079427 0.503255
0 0.4057615 0.8320310000000001 0.0615235 0.091146 0.505307
0 0.057617 0.8385414999999999 0.0546875 0.0703125 0.527189
1 0.4243165 0.9778645 0.073242 0.04427085 0.545113
0 0.378418 0.6751299999999999 0.067383 0.076823 0.594778
0 0.3535155 0.5963539999999999 0.074219 0.0833335 0.607031
1 0.292969 0.8326825000000001 0.080078 0.063802 0.63784
0 0.4140625 0.5585939999999999 0.0683595 0.0989585 0.691727
0 0.6401365 0.8704424999999999 0.0419922 0.0377604 0.254254
1 0.6035155 0.908203 0.0839845 0.0533855 0.257244
1 0.586914 0.9778645 0.0410156 0.04427085 0.265503
0 0.817871 0.8118489999999999 0.03808595 0.0533855 0.267669
0 0.796875 0.54622395 0.064453 0.08463550000000002 0.272774
1 0.761719 0.593099 0.066406 0.063802 0.287134
0 0.9873045 0.608724 0.0234375 0.058594 0.29392
1 0.7587889999999999 0.767578 0.064453 0.0716145 0.301629
1 0.7973635 0.54947915 0.071289 0.0885415 0.306843
0 0.8964845 0.8209635000000001 0.046875 0.0533855 0.307821
0 0.817871 0.6210939999999999 0.051758 0.0625 0.348835
1 0.6083985 0.7942710000000001 0.074219 0.1145835 0.355249
0 0.842285 0.8528645 0.0439453 0.080729 0.361039
1 0.9282225 0.779948 0.0439453 0.0520835 0.372493
0 0.8784179999999999 0.763672 0.0654295 0.074219 0.390998
0 0.7592775 0.5911460000000001 0.067383 0.0625 0.39667
0 0.769531 0.9407549999999999 0.0410156 0.063802 0.411562
0 0.7719725 0.8365885000000001 0.057617 0.076823 0.414079
1 0.841797 0.8528645 0.0527345 0.0729165 0.428039
1 0.769531 0.8372395 0.064453 0.078125 0.44752
0 0.758301 0.7682289999999999 0.057617 0.0703125 0.452671
1 0.8793945000000001 0.7649739999999999 0.0654295 0.066406 0.455531
0 0.652344 0.594401 0.0546875 0.082031 0.476192
0 0.808594 0.7649739999999999 0.03515625 0.063802 0.482368
0 0.60791 0.9055989999999999 0.0654295 0.050781 0.503621
0 0.692383 0.5963539999999999 0.0546875 0.0833335 0.50957
0 0.664551 0.9069010000000001 0.0439453 0.050781 0.52637
0 0.6064455 0.7903645 0.0722655 0.1145835 0.540101
0 0.958496 0.5742189999999999 0.04785155 0.0572915 0.543154
0 0.6850585 0.6770835000000001 0.057617 0.080729 0.564362
0 0.61084 0.5540365 0.084961 0.10026050000000002 0.572003
0 0.713379 0.9609375 0.0595705 0.065104 0.582453
0 0.6811525 0.829427 0.0615235 0.0859375 0.59028
0 0.6157225 0.6640625 0.083008 0.0729165 0.609886
