1 0.8738279999999999 0.4035325 0.04921875 0.0733695 0.28282
0 0.8191404999999999 0.423913 0.03828125 0.059782499999999995 0.307572
0 0.8234375 0.3423915 0.040625 0.059782499999999995 0.349337
1 0.9757815000000001 0.4069295 0.0484375 0.080163 0.396716
0 0.7679685 0.370924 0.0375 0.04619564999999999 0.407954
0 0.9757815000000001 0.404212 0.0453125 0.085598 0.41183
1 0.5234375 0.462636 0.046875 0.0747285 0.414975
0 0.9039065000000001 0.4775815 0.046875 0.04483695 0.41845
0 0.7785155 0.4266305 0.04140625 0.0516305 0.431356
0 0.5613279999999999 0.34375 0.12265600000000002 0.1358695 0.458587
0 0.925781 0.4388585 0.0421875 0.059782499999999995 0.515157
0 0.917969 0.345788 0.0796875 0.120924 0.516031
0 0.7835935 0.3138585 0.0390625 0.04891305 0.554846
0 0.788672 0.5183424 0.03359375 0.0366848 0.354655
0 0.857422 0.5557065 0.04453125 0.04891305 0.412015
0 0.7859375 0.648098 0.0265625 0.04619564999999999 0.443495
0 0.8101565000000001 0.6005435 0.034375 0.04347825 0.531656
