0 0.59375 0.48763 0.058594 0.0247396 0.280056
0 0.785156 0.23697899999999997 0.0410156 0.046875 0.282776
0 0.5595705 0.4609375 0.0625 0.059896 0.283075
0 0.5625 0.0325521 0.0878905 0.0625 0.293572
0 0.870117 0.4856770000000001 0.0488281 0.02604165 0.294603
0 0.6782225 0.1673175 0.04785155 0.0377604 0.321799
0 0.612793 0.21158850000000004 0.04785155 0.063802 0.326495
0 0.8603514999999999 0.3697915 0.046875 0.0520835 0.340296
0 0.741699 0.1484375 0.0361328 0.03645835 0.383852
0 0.769531 0.356771 0.046875 0.0520835 0.386394
0 0.599121 0.1497395 0.0439453 0.046875 0.400886
0 0.8129885 0.075521 0.0498047 0.03385415 0.402038
0 0.580078 0.33138 0.050781 0.0455729 0.415741
0 0.8564455 0.252604 0.0449219 0.03385415 0.429909
0 0.52978515 0.48112 0.051758 0.0377604 0.450947
0 0.6762695 0.220052 0.04003905 0.0546875 0.451007
0 0.8027345 0.314453 0.03515625 0.050781 0.456141
0 0.5415039 0.37695300000000004 0.04785155 0.0690105 0.464387
0 0.552246 0.1510415 0.057617 0.0520835 0.469123
0 0.7348635 0.2076825 0.03808595 0.0533855 0.485153
0 0.8100585 0.3736979999999999 0.057617 0.0703125 0.488916
0 0.7700195000000001 0.2128905 0.0419922 0.04296875 0.498844
0 0.7099610000000001 0.17447899999999997 0.0410156 0.0546875 0.503896
0 0.8090820000000001 0.1940105 0.0361328 0.04166665 0.514566
0 0.52197265 0.325521 0.0439453 0.0390625 0.551684
0 0.8081054999999999 0.261719 0.03808595 0.0572915 0.551751
0 0.708496 0.2421875 0.0498047 0.059896 0.567344
0 0.572754 0.21354149999999997 0.051758 0.080729 0.602371
0 0.359375 0.173828 0.0625 0.0455729 0.253348
0 0.432617 0.3548175 0.0625 0.0716145 0.279037
0 0.425781 0.4778645000000001 0.0527345 0.04427085 0.283299
0 0.3984375 0.4798175 0.0371094 0.0403646 0.283389
0 0.166992 0.36914050000000004 0.0332031 0.058594 0.311221
0 0.2109375 0.326823 0.04296875 0.0390625 0.315335
0 0.4208985 0.0188802 0.046875 0.0377604 0.316829
0 0.1538085 0.4622395000000001 0.03027345 0.04427085 0.32011
0 0.463867 0.0266927 0.0488281 0.0481771 0.330748
0 0.209961 0.19791649999999997 0.080078 0.080729 0.349807
0 0.1411135 0.3704425 0.04003905 0.0481771 0.372501
0 0.2558595 0.3046875 0.03125 0.0390625 0.37472
0 0.3881835 0.2714845 0.055664 0.0533855 0.3796
1 0.4711915 0.204427 0.057617 0.080729 0.382009
0 0.182129 0.4583335 0.03027345 0.04166665 0.423944
0 0.455078 0.142578 0.0488281 0.0481771 0.427413
0 0.191406 0.064453 0.0410156 0.0481771 0.440084
0 0.4262695 0.1777345 0.04589845 0.058594 0.447403
0 0.104492 0.472656 0.03515625 0.0390625 0.453611
0 0.2939455 0.15625 0.0625 0.046875 0.454233
0 0.3081055 0.4772135 0.0361328 0.0377604 0.45649
0 0.2753905 0.4596354999999999 0.050781 0.0520835 0.484278
0 0.3374025 0.207031 0.0595705 0.059896 0.502834
0 0.138672 0.326823 0.03515625 0.0390625 0.519127
0 0.105469 0.3372395000000001 0.03515625 0.03125 0.538387
0 0.4433595 0.2916665 0.064453 0.0677085 0.545685
0 0.2036135 0.35742199999999996 0.04785155 0.050781 0.547099
0 0.2504885 0.3515625 0.0439453 0.059896 0.550062
0 0.177246 0.3046875 0.03808595 0.0572915 0.553635
0 0.292969 0.294922 0.0527345 0.050781 0.571378
0 0.470703 0.20572899999999997 0.058594 0.078125 0.576898
0 0.292969 0.220052 0.064453 0.075521 0.588846
0 0.3745115 0.33789050000000004 0.0595705 0.074219 0.604518
0 0.2216795 0.47460949999999996 0.04296875 0.0455729 0.633609
0 0.300781 0.3606770000000001 0.060547 0.0703125 0.666096
0 0.2319335 0.669922 0.03222655 0.0455729 0.25539
0 0.4833985 0.8665364999999999 0.0332031 0.066406 0.256882
0 0.184082 0.826172 0.0361328 0.0455729 0.263724
0 0.3964845 0.6464845 0.0371094 0.04296875 0.263881
0 0.310547 0.52083335 0.050781 0.04166665 0.296701
0 0.272461 0.6640625 0.0566405 0.0572915 0.332466
0 0.319824 0.9466145 0.0419922 0.04427085 0.350816
0 0.083008 0.6503905 0.03125 0.0403646 0.370508
0 0.2578125 0.9635414999999999 0.0449219 0.03385415 0.374962
0 0.4311525 0.6523439999999999 0.0419922 0.046875 0.389581
0 0.1538085 0.8255210000000001 0.0419922 0.04947915 0.39425
0 0.119629 0.779948 0.051758 0.046875 0.39579
0 0.3671875 0.7278644999999999 0.0390625 0.04947915 0.40246
0 0.1567385 0.6471355 0.03027345 0.04166665 0.422498
0 0.276367 0.8522135000000001 0.066406 0.058594 0.425039
0 0.2285155 0.8333335000000001 0.0390625 0.04166665 0.439904
0 0.086914 0.60612 0.0253906 0.0325521 0.442385
0 0.121582 0.891927 0.053711 0.0625 0.44975
0 0.293457 0.9264325000000001 0.04589845 0.0559895 0.455553
0 0.2333985 0.7115885000000001 0.0527345 0.0533855 0.459619
0 0.2807615 0.5234375 0.053711 0.04166665 0.464921
0 0.0961915 0.7428385000000001 0.0283203 0.0377604 0.470324
0 0.175781 0.54622395 0.04296875 0.04296875 0.478756
0 0.148926 0.6790364999999999 0.0439453 0.04296875 0.482914
0 0.453125 0.9694010000000001 0.050781 0.058594 0.493359
0 0.440918 0.5253906 0.0498047 0.0481771 0.494427
0 0.408203 0.9765625 0.0488281 0.04427085 0.511321
0 0.197754 0.6477864999999999 0.0439453 0.050781 0.514836
0 0.114258 0.638672 0.0371094 0.04296875 0.517553
0 0.1796875 0.7884114999999999 0.0449219 0.0455729 0.521895
0 0.1831055 0.6901039999999999 0.0361328 0.0390625 0.529882
0 0.36084 0.859375 0.0498047 0.0520835 0.540327
0 0.305176 0.8209635000000001 0.055664 0.050781 0.554336
0 0.2924805 0.7246095 0.0615235 0.058594 0.559535
0 0.4038085 0.8912760000000001 0.069336 0.0481771 0.577896
0 0.260254 0.7747395 0.04589845 0.065104 0.579213
0 0.411621 0.7304689999999999 0.057617 0.0625 0.585203
0 0.243164 0.53841145 0.0488281 0.066406 0.597488
0 0.408203 0.8326825000000001 0.058594 0.063802 0.620057
0 0.904785 0.652995 0.0361328 0.03515625 0.262555
0 0.5336914 0.9088539999999999 0.0615235 0.04947915 0.264835
0 0.54833985 0.6621095 0.03222655 0.050781 0.270382
0 0.5209961 0.8717450000000001 0.0419922 0.058594 0.276661
0 0.669922 0.970703 0.04296875 0.0299479 0.280575
0 0.682617 0.9869789999999999 0.050781 0.0234375 0.289015
0 0.7211915 0.6816405 0.0498047 0.0533855 0.299682
0 0.791992 0.6712239999999999 0.050781 0.0455729 0.325345
0 0.690918 0.7552085000000001 0.04003905 0.046875 0.348746
0 0.5668945 0.970703 0.04785155 0.04296875 0.368058
0 0.876953 0.53841145 0.058594 0.0716145 0.37011
0 0.7060545 0.8665364999999999 0.0546875 0.0377604 0.374371
0 0.715332 0.9622395 0.0439453 0.0546875 0.376464
0 0.8657225 0.7708335000000001 0.0341797 0.03645835 0.385043
0 0.6591795 0.8652345 0.050781 0.063802 0.38529
0 0.8911135 0.6184895 0.03808595 0.0390625 0.38813
0 0.5625 0.8151039999999999 0.04296875 0.0572915 0.392335
0 0.8081054999999999 0.546875 0.0634765 0.0729165 0.400117
0 0.580078 0.6764325000000001 0.050781 0.066406 0.410285
0 0.5947265 0.5520835000000001 0.0371094 0.04947915 0.422869
0 0.5205078 0.8151039999999999 0.0410156 0.0572915 0.424234
0 0.811035 0.8046875 0.04003905 0.046875 0.436822
0 0.8774415 0.6569010000000001 0.0361328 0.0403646 0.444503
0 0.8115235000000001 0.63737 0.060547 0.0559895 0.445166
0 0.854004 0.8046875 0.0439453 0.0390625 0.477408
0 0.863281 0.8938799999999999 0.04296875 0.0716145 0.483356
0 0.6591795 0.7226560000000001 0.060547 0.04947915 0.487171
0 0.6655275 0.6777345 0.04785155 0.04296875 0.487363
0 0.7807615 0.8372395 0.0498047 0.0390625 0.48924
0 0.7700195000000001 0.798828 0.04003905 0.0455729 0.510402
0 0.6806639999999999 0.9381510000000001 0.04296875 0.0559895 0.53799
0 0.683594 0.8072914999999999 0.0410156 0.0572915 0.558981
1 0.688965 0.5247396 0.057617 0.04947915 0.566314
0 0.54052735 0.546875 0.071289 0.0833335 0.641307
