0 0.098633 0.11588550000000002 0.0234375 0.02864585 0.26003
0 0.2841795 0.01041665 0.058594 0.01822915 0.262528
0 0.2436525 0.0091146 0.04785155 0.01822915 0.265947
0 0.0825195 0.1022135 0.0283203 0.02734375 0.275696
0 0.1694335 0.04231769999999999 0.0283203 0.0299479 0.284647
0 0.119629 0.48763 0.0498047 0.0221354 0.296585
0 0.0893555 0.091797 0.0283203 0.0325521 0.338369
0 0.470215 0.158854 0.0595705 0.078125 0.34426
0 0.253906 0.13737 0.0488281 0.0377604 0.358503
0 0.0776365 0.3795575 0.0341797 0.0403646 0.360195
0 0.242676 0.34375 0.0361328 0.03645835 0.363234
0 0.179199 0.19466149999999996 0.057617 0.0559895 0.364945
0 0.3081055 0.1295575 0.053711 0.0403646 0.381872
0 0.133789 0.340495 0.0449219 0.0455729 0.389798
0 0.1225585 0.3671875 0.0361328 0.04427085 0.429025
0 0.1401365 0.0566405 0.02441405 0.03515625 0.447665
0 0.269043 0.0520835 0.0419922 0.059896 0.447978
0 0.3999025 0.154297 0.067383 0.0533855 0.448457
0 0.04248045 0.4231770000000001 0.03222655 0.0520835 0.459777
0 0.267578 0.1953125 0.0390625 0.0520835 0.460766
0 0.157715 0.02734375 0.03222655 0.03125 0.4642
0 0.1308595 0.4166665 0.050781 0.04947915 0.473247
0 0.072754 0.138021 0.02246095 0.03125 0.473644
0 0.1362305 0.095703 0.0263672 0.0325521 0.474467
0 0.198242 0.328776 0.0449219 0.0377604 0.477343
0 0.4282225 0.38867199999999996 0.0751955 0.08723949999999998 0.482879
0 0.3862305 0.36914050000000004 0.0634765 0.089844 0.489188
0 0.133301 0.22721350000000004 0.0341797 0.0481771 0.499426
0 0.436035 0.1953125 0.0654295 0.075521 0.502216
0 0.0634765 0.207031 0.0234375 0.03125 0.502848
0 0.1625975 0.0716145 0.0341797 0.0390625 0.505372
0 0.078125 0.2298175 0.0253906 0.0299479 0.517682
0 0.425781 0.091797 0.060547 0.0690105 0.522755
1 0.2817385 0.38737 0.083008 0.0690105 0.535065
0 0.216797 0.3893229999999999 0.046875 0.075521 0.544508
0 0.479492 0.09505199999999998 0.0410156 0.046875 0.577855
0 0.117676 0.16862 0.0283203 0.0481771 0.586821
0 0.394531 0.2884115 0.0546875 0.076823 0.597812
0 0.455078 0.33789050000000004 0.089844 0.079427 0.607064
0 0.248047 0.294271 0.0566405 0.065104 0.652225
0 0.894531 0.371745 0.0566405 0.0533855 0.299861
0 0.6567385 0.153646 0.057617 0.0729165 0.311689
1 0.50927735 0.1764325 0.01660155 0.0455729 0.322927
1 0.748535 0.363281 0.073242 0.075521 0.326641
0 0.604492 0.269531 0.0527345 0.04947915 0.351471
1 0.902344 0.409505 0.0527345 0.061198 0.352421
0 0.961426 0.4114585 0.0419922 0.0572915 0.356069
0 0.8916014999999999 0.3365885 0.0546875 0.0481771 0.38459
0 0.986328 0.3951825 0.02734375 0.050781 0.434822
0 0.6538085 0.294922 0.0498047 0.0403646 0.437872
0 0.7817385 0.126302 0.0498047 0.04427085 0.44835
0 0.958008 0.23372399999999996 0.03125 0.0377604 0.466165
0 0.628906 0.155599 0.046875 0.074219 0.470194
0 0.945801 0.347656 0.04785155 0.0520835 0.474673
0 0.629883 0.3990885 0.0566405 0.063802 0.483847
0 0.8046875 0.215495 0.0546875 0.082031 0.513935
0 0.5908205 0.0332031 0.0566405 0.061198 0.516438
0 0.9296875 0.23372399999999996 0.0332031 0.03515625 0.526935
0 0.7509764999999999 0.363281 0.078125 0.0703125 0.534086
0 0.9052735000000001 0.4108075 0.050781 0.058594 0.534087
0 0.8378905 0.154948 0.050781 0.0572915 0.570611
0 0.620117 0.076823 0.0488281 0.065104 0.59607
0 0.7910155 0.3027345 0.0625 0.0690105 0.597993
0 0.808594 0.4016925 0.0527345 0.074219 0.616632
0 0.7587889999999999 0.160156 0.060547 0.0572915 0.620409
0 0.732422 0.0546875 0.0488281 0.0625 0.621161
0 0.5805665 0.153646 0.0634765 0.075521 0.628731
0 0.604004 0.3483075 0.0615235 0.08723949999999998 0.648069
0 0.7661135 0.6692710000000001 0.053711 0.04166665 0.268521
1 0.925781 0.7845049999999999 0.046875 0.0481771 0.26941
0 0.805176 0.5546875 0.0595705 0.091146 0.276598
1 0.7612304999999999 0.595703 0.067383 0.063802 0.291237
1 0.9345705 0.8990885000000001 0.064453 0.08723949999999998 0.298099
0 0.8183595 0.813802 0.0390625 0.0520835 0.298873
1 0.7998045 0.5540365 0.0683595 0.08463550000000002 0.31978
1 0.6035155 0.9108075000000001 0.0859375 0.050781 0.324476
1 0.61084 0.5579425 0.086914 0.105469 0.334484
0 0.5527345 0.9765625 0.0390625 0.04427085 0.335958
0 0.760742 0.597005 0.0683595 0.063802 0.338663
0 0.988281 0.608073 0.0214844 0.0625 0.34309
0 0.895508 0.8242189999999999 0.04296875 0.04947915 0.345047
0 0.8432615 0.8567710000000001 0.04589845 0.075521 0.376043
0 0.65625 0.60612 0.058594 0.0716145 0.395691
1 0.8432615 0.858073 0.053711 0.0729165 0.39754
0 0.8183595 0.6256510000000001 0.046875 0.061198 0.404059
1 0.8740235000000001 0.7688799999999999 0.0722655 0.0690105 0.405838
1 0.609375 0.795573 0.078125 0.1197915 0.408137
0 0.8793945000000001 0.7682289999999999 0.0595705 0.075521 0.413688
1 0.772949 0.8398439999999999 0.0634765 0.078125 0.421406
0 0.613281 0.5579425 0.0839845 0.10286449999999998 0.464457
0 0.6088865 0.9088539999999999 0.067383 0.046875 0.471697
0 0.8095705 0.7688799999999999 0.0371094 0.063802 0.480346
0 0.769531 0.9420575000000001 0.0410156 0.063802 0.481787
0 0.6064455 0.7942710000000001 0.0703125 0.1171875 0.49323
0 0.6655275 0.9095049999999999 0.0439453 0.050781 0.49356
0 0.7592775 0.7714845 0.0595705 0.0690105 0.503624
0 0.6938475 0.6009115 0.053711 0.082031 0.508387
0 0.772949 0.8411460000000001 0.0595705 0.078125 0.53889
0 0.7158205 0.9615885000000001 0.0546875 0.0690105 0.540325
0 0.6865235000000001 0.6848960000000001 0.0625 0.080729 0.557613
0 0.618164 0.6712239999999999 0.0859375 0.074219 0.594509
0 0.958008 0.577474 0.0488281 0.0559895 0.596673
0 0.6806639999999999 0.8346355 0.0625 0.0859375 0.634892
0 0.2719725 0.986328 0.0595705 0.0247396 0.250709
0 0.3808595 0.904297 0.0546875 0.0377604 0.251076
0 0.189453 0.8483075000000001 0.0546875 0.0325521 0.262293
1 0.3657225 0.857422 0.0595705 0.066406 0.267934
0 0.203125 0.9902345 0.0566405 0.01953125 0.276284
0 0.258301 0.63737 0.0751955 0.063802 0.276999
0 0.1342775 0.609375 0.057617 0.0572915 0.289137
1 0.2504885 0.6458335000000001 0.0810545 0.0703125 0.296945
0 0.439453 0.7864585000000001 0.050781 0.0703125 0.299593
1 0.3793945 0.6783855000000001 0.071289 0.0729165 0.339822
1 0.345703 0.9817710000000001 0.03515625 0.03645835 0.346228
0 0.114746 0.52734375 0.053711 0.0520835 0.361391
1 0.1552735 0.798177 0.058594 0.04947915 0.364091
0 0.26709 0.9420575000000001 0.069336 0.0690105 0.372245
0 0.1186525 0.7265625 0.0439453 0.065104 0.378658
0 0.411621 0.9244789999999999 0.04785155 0.046875 0.416035
1 0.4643555 0.8658855 0.071289 0.078125 0.428974
0 0.189453 0.5299479 0.0371094 0.0572915 0.431575
0 0.3671875 0.857422 0.0625 0.0716145 0.431918
0 0.4658205 0.8645835000000001 0.0683595 0.078125 0.438285
0 0.4438475 0.641927 0.098633 0.080729 0.452431
1 0.216797 0.7942710000000001 0.0566405 0.0703125 0.463287
0 0.0776365 0.7571614999999999 0.055664 0.0690105 0.465526
0 0.185547 0.6276039999999999 0.060547 0.0520835 0.481518
0 0.0307617 0.7076825000000001 0.0361328 0.061198 0.482878
1 0.4438475 0.64388 0.098633 0.08463550000000002 0.484996
1 0.2661135 0.9420575000000001 0.067383 0.0690105 0.492321
0 0.0581055 0.8391924999999999 0.0498047 0.0690105 0.492467
0 0.2626955 0.5729164999999999 0.0703125 0.0703125 0.511341
0 0.4052735 0.8352864999999999 0.0546875 0.089844 0.522352
0 0.2055665 0.9414060000000001 0.053711 0.075521 0.528497
1 0.425781 0.9785155 0.074219 0.04296875 0.532468
0 0.379883 0.6796875 0.066406 0.075521 0.604298
0 0.354004 0.5976560000000001 0.0751955 0.0859375 0.624448
1 0.2944335 0.8359375 0.083008 0.0625 0.640566
0 0.4160155 0.5625 0.0683595 0.0989585 0.684527
