0 0.284668 0.01041665 0.0595705 0.01822915 0.251493
0 0.307129 0.1302085 0.051758 0.0546875 0.255054
1 0.1274415 0.41210949999999996 0.055664 0.0559895 0.270269
1 0.3066405 0.1334635 0.064453 0.058594 0.274259
1 0.4785155 0.091146 0.0410156 0.0546875 0.278008
0 0.099121 0.1145835 0.02441405 0.02864585 0.29915
1 0.179199 0.19270850000000003 0.0615235 0.0546875 0.304506
0 0.119629 0.486979 0.0498047 0.0234375 0.306469
0 0.166992 0.0377604 0.0253906 0.0234375 0.311132
0 0.175781 0.1933595 0.064453 0.0533855 0.324669
0 0.267578 0.1940105 0.0410156 0.0546875 0.32848
0 0.4033205 0.1484375 0.074219 0.0520835 0.329054
0 0.421875 0.0885415 0.0546875 0.0729165 0.340149
0 0.4692385 0.157552 0.0615235 0.0729165 0.351717
0 0.135254 0.3385415 0.04589845 0.046875 0.353666
0 0.04296875 0.41992199999999996 0.0371094 0.0533855 0.376526
0 0.197754 0.326172 0.0439453 0.0403646 0.403376
0 0.0717775 0.1360675 0.02246095 0.0325521 0.404857
0 0.4345705 0.1953125 0.0527345 0.0703125 0.408186
0 0.254883 0.1334635 0.0449219 0.0377604 0.409901
0 0.088867 0.091146 0.0292969 0.03385415 0.412722
0 0.121094 0.3606770000000001 0.046875 0.04947915 0.428839
0 0.15625 0.02604165 0.03125 0.02864585 0.435572
0 0.3950195 0.282552 0.051758 0.078125 0.438655
0 0.269531 0.0514325 0.0410156 0.0559895 0.442419
0 0.071289 0.377604 0.0410156 0.0390625 0.444744
0 0.140625 0.0566405 0.0234375 0.0325521 0.448208
0 0.129883 0.4140625 0.0546875 0.0546875 0.450206
0 0.135742 0.094401 0.0253906 0.0325521 0.452821
0 0.161621 0.0703125 0.0361328 0.0390625 0.454151
0 0.133301 0.22916649999999997 0.0419922 0.0625 0.471716
0 0.0791015 0.22916649999999997 0.0332031 0.03385415 0.494674
0 0.382324 0.3671875 0.0634765 0.091146 0.507019
0 0.063965 0.20638 0.02441405 0.0325521 0.513926
0 0.117676 0.1660155 0.0283203 0.0481771 0.514829
0 0.4785155 0.09244800000000002 0.04296875 0.046875 0.5323
0 0.216797 0.388021 0.0449219 0.075521 0.539292
1 0.2802735 0.3828125 0.0839845 0.0677085 0.550125
0 0.4526365 0.3333335 0.088867 0.080729 0.557262
0 0.428711 0.3828125 0.0703125 0.091146 0.56022
0 0.2475585 0.2903645 0.0595705 0.0677085 0.630294
0 0.8964845 0.363281 0.0625 0.0572915 0.257596
0 0.6572264999999999 0.138021 0.050781 0.0520835 0.27194
1 0.8032225 0.3919270000000001 0.04785155 0.0703125 0.274606
1 0.50927735 0.173177 0.0185547 0.0520835 0.281501
1 0.888672 0.34570300000000004 0.0625 0.0690105 0.287047
0 0.958008 0.4127604999999999 0.0371094 0.04166665 0.309272
0 0.890625 0.33138 0.0546875 0.0533855 0.309318
0 0.8037110000000001 0.2122395 0.0566405 0.0833335 0.320025
1 0.6069335 0.264323 0.067383 0.0520835 0.322504
0 0.604004 0.264323 0.057617 0.0546875 0.325359
1 0.6015625 0.3424479999999999 0.064453 0.0859375 0.331739
0 0.6533205 0.2916665 0.0527345 0.046875 0.341853
0 0.78125 0.12369800000000002 0.050781 0.04427085 0.376415
0 0.9028320000000001 0.40820300000000004 0.053711 0.061198 0.390876
0 0.944824 0.344401 0.0498047 0.050781 0.396974
0 0.6274415 0.152995 0.04785155 0.074219 0.434061
0 0.9868165 0.391276 0.0263672 0.0481771 0.44696
0 0.807129 0.39648449999999996 0.04785155 0.08463550000000002 0.4489
0 0.5913085 0.03059895 0.0498047 0.061198 0.46181
0 0.75 0.3606770000000001 0.082031 0.0703125 0.469766
0 0.6313475 0.391276 0.04589845 0.0690105 0.475557
1 0.901367 0.405599 0.0566405 0.063802 0.477851
0 0.604004 0.3424479999999999 0.0615235 0.09375 0.48998
1 0.746582 0.360026 0.0771485 0.076823 0.497846
0 0.5786135 0.1484375 0.0595705 0.0729165 0.527625
0 0.789551 0.30013 0.0654295 0.066406 0.528129
0 0.9555665 0.23112 0.03222655 0.0377604 0.533292
0 0.8344725 0.1503905 0.0498047 0.0559895 0.561751
0 0.758301 0.156901 0.0595705 0.058594 0.562857
0 0.618164 0.074219 0.050781 0.065104 0.572878
0 0.9287110000000001 0.23112 0.0332031 0.03515625 0.5754
0 0.7314455 0.0527345 0.050781 0.061198 0.584678
0 0.189453 0.8444010000000001 0.0546875 0.03515625 0.250952
1 0.4091795 0.921875 0.0566405 0.059896 0.251422
1 0.2026365 0.9401039999999999 0.0634765 0.0703125 0.275907
1 0.275879 0.9798174999999999 0.053711 0.03515625 0.283901
0 0.183594 0.623047 0.0566405 0.0533855 0.291013
0 0.07959 0.7539060000000001 0.057617 0.0677085 0.301772
0 0.260742 0.5651039999999999 0.0703125 0.0677085 0.30232
1 0.436035 0.783203 0.051758 0.0690105 0.30475
0 0.4350585 0.7805989999999999 0.0439453 0.0690105 0.308835
0 0.117676 0.7265625 0.04589845 0.0677085 0.311704
1 0.0751955 0.7493489999999999 0.0546875 0.061198 0.314829
0 0.1137695 0.5247396 0.0498047 0.04427085 0.32032
1 0.364746 0.8548174999999999 0.0654295 0.074219 0.321585
1 0.4018555 0.8287760000000001 0.0615235 0.09244800000000002 0.325398
1 0.261719 0.5664060000000001 0.0722655 0.0703125 0.329411
1 0.0683595 0.8964845 0.0722655 0.061198 0.350042
0 0.2055665 0.9381510000000001 0.04785155 0.0716145 0.35386
1 0.3779295 0.6731769999999999 0.0722655 0.075521 0.355877
1 0.113281 0.732422 0.0546875 0.0690105 0.36299
0 0.366699 0.8554689999999999 0.0615235 0.0729165 0.364488
0 0.411133 0.9212239999999999 0.046875 0.050781 0.364818
0 0.2631835 0.9407549999999999 0.0654295 0.0690105 0.371947
1 0.3481445 0.9804689999999999 0.04003905 0.0390625 0.385301
1 0.4628905 0.8639325000000001 0.0722655 0.074219 0.392455
1 0.254883 0.638672 0.082031 0.0716145 0.399988
1 0.442383 0.6399739999999999 0.1035155 0.08723949999999998 0.410546
0 0.465332 0.8632810000000001 0.069336 0.0729165 0.415292
0 0.404297 0.8313799999999999 0.050781 0.097656 0.419779
0 0.189453 0.52734375 0.03515625 0.0546875 0.44902
0 0.057617 0.8359375 0.046875 0.0729165 0.450486
1 0.152344 0.7897135000000001 0.0546875 0.050781 0.464908
0 0.03027345 0.7057289999999999 0.0371094 0.059896 0.47889
1 0.216797 0.7929689999999999 0.0566405 0.065104 0.484716
0 0.4433595 0.638672 0.0996095 0.079427 0.48998
1 0.4248045 0.9778645 0.0722655 0.04427085 0.555435
0 0.378906 0.6744789999999999 0.066406 0.078125 0.568639
1 0.2646485 0.9401039999999999 0.0683595 0.0703125 0.573475
0 0.3530275 0.597005 0.0751955 0.082031 0.599825
1 0.293457 0.8333335000000001 0.0791015 0.0625 0.64852
0 0.4140625 0.5579425 0.0683595 0.10026050000000002 0.699517
1 0.664551 0.907552 0.04589845 0.04947915 0.267884
1 0.6030275 0.907552 0.083008 0.0520835 0.268739
1 0.5874025 0.9765625 0.0419922 0.04427085 0.277055
0 0.817383 0.8118489999999999 0.0390625 0.0533855 0.284863
0 0.550293 0.9759114999999999 0.0361328 0.0403646 0.285921
0 0.8408205 0.591797 0.050781 0.058594 0.299623
1 0.5488281 0.9759114999999999 0.050781 0.0481771 0.303774
0 0.9877929999999999 0.6067710000000001 0.0205078 0.0625 0.309318
0 0.7724610000000001 0.8359375 0.060547 0.078125 0.318067
1 0.7612304999999999 0.59375 0.0654295 0.0625 0.328157
0 0.8037110000000001 0.5514325 0.060547 0.089844 0.339147
0 0.6088865 0.5527345 0.084961 0.10026050000000002 0.345504
1 0.9252929999999999 0.78125 0.04589845 0.04947915 0.362057
1 0.6118165 0.5540365 0.084961 0.10026050000000002 0.375196
1 0.6083985 0.7929689999999999 0.074219 0.1145835 0.376102
0 0.7578125 0.766927 0.058594 0.0729165 0.40617
0 0.7597655 0.5911460000000001 0.0683595 0.0625 0.406329
0 0.8183595 0.623047 0.0488281 0.061198 0.426685
1 0.8793945000000001 0.764323 0.0634765 0.065104 0.435245
1 0.7597655 0.766927 0.064453 0.0703125 0.448993
0 0.6650389999999999 0.9069010000000001 0.0449219 0.050781 0.466996
0 0.769531 0.9401039999999999 0.04296875 0.0677085 0.473282
0 0.8784179999999999 0.763672 0.0595705 0.0716145 0.474146
0 0.6933595 0.595703 0.0527345 0.082031 0.478146
1 0.842285 0.8522135000000001 0.053711 0.0690105 0.48311
0 0.60791 0.9055989999999999 0.067383 0.050781 0.487979
0 0.6069335 0.7903645 0.073242 0.1145835 0.511137
0 0.8090820000000001 0.764323 0.0361328 0.0625 0.516413
0 0.652344 0.59375 0.0546875 0.0833335 0.520277
1 0.7700195000000001 0.8372395 0.0654295 0.075521 0.529409
0 0.958008 0.5742189999999999 0.0488281 0.0572915 0.554707
0 0.6806639999999999 0.829427 0.060547 0.0833335 0.555692
0 0.685547 0.6770835000000001 0.0566405 0.080729 0.573714
0 0.714844 0.9602864999999999 0.0566405 0.0716145 0.580327
0 0.6152345 0.6634114999999999 0.082031 0.0716145 0.586353
