0 0.661621 0.1764325 0.051758 0.0533855 0.260335
0 0.942383 0.2584635 0.02734375 0.0299479 0.271434
0 0.703125 0.0136719 0.050781 0.02734375 0.284746
1 0.7441405 0.363281 0.080078 0.0729165 0.287415
1 0.50878905 0.175781 0.0175781 0.046875 0.288156
0 0.659668 0.1503905 0.051758 0.061198 0.294132
0 0.9609375 0.4127604999999999 0.0410156 0.0572915 0.331981
1 0.902344 0.408854 0.0546875 0.0625 0.379629
0 0.8916014999999999 0.3372395000000001 0.0566405 0.04947915 0.394276
0 0.6049805 0.269531 0.051758 0.04947915 0.395024
0 0.986328 0.3958335 0.02734375 0.0520835 0.416561
0 0.7822264999999999 0.125651 0.0488281 0.0455729 0.426616
0 0.6538085 0.294922 0.055664 0.0403646 0.470489
0 0.9453125 0.347656 0.0449219 0.0520835 0.478824
0 0.957031 0.234375 0.03125 0.0390625 0.485903
0 0.904785 0.41210949999999996 0.0498047 0.058594 0.510348
0 0.633301 0.3984375 0.053711 0.0625 0.518271
0 0.630371 0.158854 0.051758 0.078125 0.5276
0 0.805176 0.216797 0.055664 0.082031 0.532908
0 0.591797 0.0332031 0.0546875 0.061198 0.536657
0 0.7905275 0.3033855 0.0615235 0.0677085 0.545025
0 0.7504885 0.36263 0.0771485 0.0690105 0.550823
0 0.8374025 0.154297 0.0498047 0.058594 0.551334
0 0.929199 0.234375 0.0341797 0.03385415 0.582932
0 0.758301 0.160156 0.057617 0.0572915 0.595557
0 0.8081054999999999 0.40039050000000004 0.051758 0.076823 0.597309
0 0.620117 0.077474 0.046875 0.063802 0.608932
0 0.580078 0.152344 0.058594 0.0729165 0.619412
0 0.7319335 0.05403650000000001 0.04785155 0.063802 0.629594
0 0.6035155 0.3489585 0.060547 0.0859375 0.659178
1 0.2700195 0.0520835 0.04003905 0.059896 0.251691
0 0.284668 0.0097656 0.055664 0.0169271 0.278067
0 0.2436525 0.00846355 0.04785155 0.0169271 0.281681
0 0.283203 0.3860675 0.074219 0.0716145 0.283773
0 0.119629 0.48763 0.04785155 0.0221354 0.288869
0 0.088867 0.09244800000000002 0.0292969 0.03385415 0.35232
0 0.1293945 0.23958350000000003 0.04003905 0.0546875 0.362723
0 0.3081055 0.1295575 0.053711 0.0403646 0.364172
0 0.470703 0.1608075 0.058594 0.074219 0.370607
0 0.179199 0.1953125 0.053711 0.0546875 0.373776
0 0.158203 0.02734375 0.03125 0.03385415 0.396515
0 0.1347655 0.340495 0.04296875 0.0455729 0.402457
0 0.270508 0.0527345 0.0390625 0.058594 0.41097
0 0.40625 0.3802085 0.107422 0.109375 0.41137
0 0.0717775 0.3795575 0.0361328 0.0377604 0.420389
0 0.1220705 0.3671875 0.0371094 0.04427085 0.424743
0 0.1362305 0.09505199999999998 0.0263672 0.03125 0.425904
0 0.2563475 0.1347655 0.04589845 0.03515625 0.42809
1 0.2783205 0.38737 0.082031 0.066406 0.428754
0 0.4038085 0.153646 0.069336 0.04947915 0.434484
0 0.1987305 0.329427 0.0439453 0.03645835 0.439257
0 0.1313475 0.4173175 0.0498047 0.050781 0.452488
0 0.436035 0.1966145 0.0634765 0.0729165 0.453229
0 0.1347655 0.2252605 0.03125 0.046875 0.466013
0 0.164551 0.0703125 0.0341797 0.03645835 0.467047
0 0.1401365 0.0566405 0.0263672 0.0325521 0.467185
0 0.2436525 0.34375 0.03808595 0.03645835 0.492314
0 0.0419922 0.422526 0.03125 0.0533855 0.494089
0 0.26709 0.19596350000000004 0.03808595 0.0559895 0.505778
0 0.063965 0.2076825 0.02441405 0.0325521 0.506868
0 0.0722655 0.136719 0.0234375 0.03125 0.514495
0 0.0786135 0.230469 0.03222655 0.03385415 0.516728
0 0.425293 0.091797 0.0595705 0.0690105 0.530126
0 0.1171875 0.16862 0.0292969 0.0481771 0.557879
0 0.3950195 0.2871095 0.053711 0.076823 0.558498
0 0.217285 0.3893229999999999 0.0439453 0.075521 0.577443
0 0.4799805 0.09505199999999998 0.04003905 0.046875 0.597546
0 0.4560545 0.3372395000000001 0.0878905 0.078125 0.6088
0 0.2475585 0.294271 0.055664 0.065104 0.62253
0 0.154785 0.798828 0.0654295 0.050781 0.252631
1 0.26709 0.9427085000000001 0.0634765 0.0677085 0.257167
0 0.2963865 0.8359375 0.0791015 0.065104 0.267401
0 0.1899415 0.8483075000000001 0.057617 0.0325521 0.290458
0 0.1186525 0.7272135000000001 0.0439453 0.0716145 0.309095
0 0.439453 0.7858075000000001 0.0488281 0.066406 0.309801
1 0.3461915 0.9817710000000001 0.0361328 0.03645835 0.318047
1 0.114258 0.7285155 0.050781 0.061198 0.325681
0 0.1157225 0.5247396 0.051758 0.046875 0.331034
1 0.464844 0.8717450000000001 0.0683595 0.0716145 0.343175
1 0.1557615 0.7962239999999999 0.0634765 0.0533855 0.354078
0 0.411621 0.921875 0.0498047 0.0546875 0.383365
0 0.260254 0.640625 0.073242 0.0703125 0.388454
0 0.183594 0.628255 0.0566405 0.0533855 0.407814
0 0.366699 0.857422 0.0615235 0.0716145 0.415368
0 0.1899415 0.5299479 0.0361328 0.0572915 0.450802
1 0.442871 0.6445310000000001 0.100586 0.0833335 0.454247
0 0.4663085 0.8710939999999999 0.067383 0.065104 0.454558
1 0.217285 0.794922 0.055664 0.0716145 0.465517
0 0.4438475 0.641927 0.098633 0.080729 0.466146
0 0.0776365 0.7552085000000001 0.053711 0.0677085 0.47635
0 0.03027345 0.7070310000000001 0.03515625 0.059896 0.501273
1 0.425781 0.9791664999999999 0.0722655 0.04166665 0.502119
0 0.2060545 0.9401039999999999 0.0546875 0.0729165 0.514892
0 0.267578 0.9427085000000001 0.0683595 0.0703125 0.527794
0 0.0561525 0.8372395 0.0439453 0.0703125 0.551241
0 0.2631835 0.5735675 0.069336 0.0716145 0.552373
0 0.40625 0.8359375 0.0566405 0.0885415 0.554065
1 0.2944335 0.8352864999999999 0.083008 0.063802 0.612645
0 0.380371 0.6783855000000001 0.067383 0.075521 0.617003
0 0.354492 0.5989585000000001 0.076172 0.0859375 0.653709
0 0.4160155 0.5625 0.0683595 0.0989585 0.694344
1 0.770508 0.8365885000000001 0.058594 0.082031 0.258334
1 0.8974610000000001 0.8248700000000001 0.0449219 0.0533855 0.26794
1 0.7612304999999999 0.6705730000000001 0.053711 0.04427085 0.275407
1 0.9287110000000001 0.8912760000000001 0.0546875 0.0559895 0.278477
0 0.8442385 0.8535155 0.04589845 0.079427 0.280915
1 0.926758 0.7838539999999999 0.04296875 0.04947915 0.293098
0 0.8413085 0.595703 0.04785155 0.058594 0.303037
0 0.988281 0.610026 0.0234375 0.058594 0.312132
0 0.805176 0.5540365 0.057617 0.08463550000000002 0.316848
1 0.7612304999999999 0.594401 0.0654295 0.063802 0.320581
0 0.5527345 0.9759114999999999 0.0410156 0.0455729 0.330234
1 0.6030275 0.9101560000000001 0.084961 0.0520835 0.336633
0 0.765625 0.6692710000000001 0.050781 0.0390625 0.338605
1 0.8745115 0.7695310000000001 0.067383 0.0677085 0.340501
0 0.8188475 0.814453 0.0361328 0.050781 0.358148
0 0.6098635 0.5553385 0.083008 0.105469 0.373817
1 0.6088865 0.795573 0.0771485 0.1197915 0.399787
1 0.613281 0.5579425 0.0839845 0.10286449999999998 0.428674
0 0.607422 0.908203 0.066406 0.0481771 0.431935
0 0.8793945000000001 0.766927 0.0634765 0.0677085 0.44094
0 0.895508 0.8255210000000001 0.046875 0.0520835 0.44356
0 0.6655275 0.9095049999999999 0.0439453 0.050781 0.449392
0 0.760254 0.597005 0.067383 0.061198 0.452166
0 0.770996 0.9420575000000001 0.0439453 0.058594 0.458431
0 0.817871 0.625 0.0498047 0.0625 0.475338
0 0.607422 0.7942710000000001 0.0722655 0.1171875 0.482529
0 0.6572264999999999 0.6048175 0.0566405 0.076823 0.484928
1 0.8461915 0.8567710000000001 0.051758 0.075521 0.499393
0 0.6938475 0.6002605 0.0498047 0.0833335 0.499734
0 0.8095705 0.7695310000000001 0.0371094 0.0625 0.501313
0 0.758301 0.7708335000000001 0.057617 0.0703125 0.520505
0 0.714844 0.9628905 0.0566405 0.063802 0.533495
0 0.9589845 0.578776 0.046875 0.0559895 0.568277
0 0.686035 0.6842450000000001 0.0615235 0.082031 0.576908
0 0.618164 0.6712239999999999 0.082031 0.074219 0.609096
0 0.772949 0.841797 0.0595705 0.076823 0.633972
0 0.6806639999999999 0.8339845 0.0625 0.08723949999999998 0.639854
