0 0.418457 0.3606770000000001 0.071289 0.0703125 0.252164
1 0.463379 0.02604165 0.0498047 0.04947915 0.271407
0 0.36084 0.17447899999999997 0.0615235 0.046875 0.28696
0 0.152832 0.4602865 0.03027345 0.0403646 0.287785
0 0.463867 0.0253906 0.0527345 0.050781 0.3039
0 0.413574 0.47851550000000004 0.067383 0.04296875 0.307508
0 0.166992 0.36914050000000004 0.0332031 0.061198 0.311424
0 0.2109375 0.326823 0.0410156 0.0390625 0.312712
0 0.2563475 0.3046875 0.03222655 0.0390625 0.315509
0 0.2094725 0.19791649999999997 0.0791015 0.080729 0.322179
0 0.456543 0.140625 0.0419922 0.04166665 0.342032
0 0.4208985 0.0188802 0.0449219 0.0377604 0.355146
0 0.1811525 0.4583335 0.03027345 0.04166665 0.358613
0 0.294922 0.154948 0.0625 0.04427085 0.362821
0 0.470703 0.20572899999999997 0.058594 0.080729 0.362977
0 0.3876955 0.263021 0.046875 0.04166665 0.371727
0 0.427246 0.17447899999999997 0.04785155 0.0546875 0.410824
0 0.190918 0.065104 0.0439453 0.04947915 0.4201
0 0.307617 0.4765625 0.0371094 0.0390625 0.43171
0 0.276367 0.4596354999999999 0.0527345 0.0546875 0.442409
0 0.13916 0.326823 0.0341797 0.03645835 0.462156
0 0.1411135 0.36914050000000004 0.0341797 0.0455729 0.463552
0 0.3378905 0.20638 0.058594 0.058594 0.468844
0 0.4418945 0.2923175 0.0654295 0.0716145 0.485023
0 0.105957 0.3365885 0.0361328 0.0299479 0.491456
0 0.2041015 0.35742199999999996 0.046875 0.050781 0.509451
0 0.292969 0.295573 0.0527345 0.0520835 0.531493
1 0.4711915 0.204427 0.057617 0.080729 0.531524
0 0.1777345 0.3046875 0.0390625 0.0572915 0.534652
0 0.1015625 0.47070300000000004 0.03125 0.03515625 0.54895
0 0.2509765 0.3528645000000001 0.0449219 0.059896 0.568991
0 0.375 0.3372395000000001 0.064453 0.075521 0.60098
0 0.292969 0.21809899999999996 0.064453 0.082031 0.622021
0 0.2211915 0.47460949999999996 0.0439453 0.0455729 0.632511
0 0.300293 0.3606770000000001 0.0595705 0.0703125 0.656527
0 0.614746 0.2109375 0.0419922 0.0677085 0.251904
0 0.5625 0.0332031 0.0878905 0.063802 0.270939
0 0.679199 0.167969 0.055664 0.03645835 0.273196
1 0.769531 0.35612 0.0449219 0.0559895 0.27773
0 0.5942385 0.486979 0.0615235 0.0234375 0.330009
0 0.5600585 0.4602865 0.0595705 0.063802 0.331431
0 0.7700195000000001 0.21354149999999997 0.0419922 0.04166665 0.336086
0 0.870117 0.4856770000000001 0.046875 0.02604165 0.338171
0 0.86084 0.3684895000000001 0.04785155 0.046875 0.342312
0 0.7978514999999999 0.315755 0.03515625 0.0455729 0.343498
0 0.769531 0.3580729999999999 0.0488281 0.0520835 0.345181
0 0.741699 0.1484375 0.0361328 0.03645835 0.373243
1 0.6787110000000001 0.311849 0.050781 0.0690105 0.382093
0 0.6962889999999999 0.4108075 0.060547 0.0690105 0.407566
0 0.8081054999999999 0.19466149999999996 0.0419922 0.0455729 0.426094
0 0.8100585 0.3704425 0.04589845 0.066406 0.429286
0 0.5791015 0.33138 0.0488281 0.0455729 0.430597
0 0.599121 0.1484375 0.0439453 0.046875 0.435715
0 0.677246 0.313151 0.053711 0.066406 0.440243
0 0.5283203 0.4791665 0.0546875 0.0390625 0.454494
0 0.734375 0.2076825 0.0390625 0.0559895 0.455317
0 0.5410156 0.37695300000000004 0.046875 0.066406 0.461344
0 0.8559570000000001 0.251953 0.04589845 0.03515625 0.464819
0 0.551758 0.1510415 0.058594 0.0520835 0.46795
0 0.8115235000000001 0.076172 0.046875 0.03515625 0.468812
0 0.7099610000000001 0.173177 0.04296875 0.0546875 0.472467
0 0.676758 0.220052 0.0410156 0.0546875 0.482186
0 0.52197265 0.325521 0.0439453 0.0390625 0.515721
0 0.6396485000000001 0.4075520000000001 0.0546875 0.091146 0.527531
0 0.808594 0.261719 0.0390625 0.0572915 0.556009
1 0.6953125 0.410156 0.058594 0.0703125 0.56391
0 0.7075195 0.2408855 0.0498047 0.0572915 0.576439
0 0.617676 0.313802 0.055664 0.078125 0.586611
0 0.572754 0.21354149999999997 0.0498047 0.080729 0.645441
0 0.1674805 0.5136719 0.04589845 0.0247396 0.252524
0 0.48291 0.8665364999999999 0.0341797 0.066406 0.252701
1 0.4370115 0.5253906 0.055664 0.0481771 0.255273
0 0.3964845 0.6464845 0.0371094 0.04296875 0.280052
0 0.1538085 0.8248700000000001 0.0419922 0.050781 0.291587
0 0.1845705 0.689453 0.0371094 0.0403646 0.306136
0 0.307129 0.9804689999999999 0.067383 0.0390625 0.310513
0 0.3154295 0.5234375 0.046875 0.04166665 0.331103
0 0.1567385 0.6458335000000001 0.03222655 0.04427085 0.348565
0 0.229004 0.8333335000000001 0.0419922 0.04166665 0.355702
0 0.2666015 0.654948 0.060547 0.080729 0.362571
0 0.0961915 0.7434894999999999 0.03222655 0.04166665 0.383836
0 0.198242 0.6464845 0.04296875 0.0481771 0.391523
0 0.2592775 0.9628905 0.04785155 0.03515625 0.395156
0 0.293457 0.9257810000000001 0.04785155 0.0546875 0.39635
0 0.147949 0.6783855000000001 0.0439453 0.04427085 0.403373
0 0.430664 0.6523439999999999 0.04296875 0.04427085 0.405285
0 0.28125 0.5234375 0.0527345 0.04166665 0.430813
0 0.2338865 0.7109375 0.051758 0.0520835 0.438559
0 0.0825195 0.6510414999999999 0.03027345 0.0390625 0.455617
0 0.4404295 0.52408855 0.050781 0.0481771 0.456488
0 0.175293 0.54427085 0.04589845 0.046875 0.45791
0 0.3671875 0.7278644999999999 0.0390625 0.04947915 0.460687
0 0.086914 0.6067710000000001 0.02734375 0.0390625 0.46442
0 0.1762695 0.7858075000000001 0.053711 0.0533855 0.469347
0 0.4521485 0.9694010000000001 0.050781 0.058594 0.478106
0 0.407715 0.8320310000000001 0.0595705 0.0625 0.480188
0 0.3603515 0.8600260000000001 0.0488281 0.050781 0.487606
0 0.121582 0.891927 0.053711 0.0625 0.497625
0 0.407715 0.9778645 0.0498047 0.04166665 0.502612
0 0.1191405 0.779297 0.050781 0.0455729 0.507852
0 0.2768555 0.8515625 0.067383 0.059896 0.512463
0 0.114746 0.6380210000000001 0.0361328 0.04427085 0.522119
0 0.402344 0.889323 0.0722655 0.04947915 0.542346
0 0.292969 0.7252605000000001 0.0625 0.059896 0.562215
0 0.260742 0.7740885000000001 0.046875 0.063802 0.565994
0 0.305176 0.8216145 0.055664 0.0520835 0.566558
0 0.245117 0.53841145 0.0527345 0.0690105 0.567348
0 0.4106445 0.7311200000000001 0.057617 0.061198 0.595206
0 0.5927735 0.7415364999999999 0.046875 0.0455729 0.254887
0 0.682617 0.9869789999999999 0.0488281 0.0234375 0.266307
0 0.720703 0.6881510000000001 0.04296875 0.050781 0.274182
0 0.54833985 0.6621095 0.03222655 0.050781 0.277303
0 0.67041 0.970703 0.04589845 0.0325521 0.292007
0 0.5336914 0.9095049999999999 0.0615235 0.0481771 0.320588
0 0.595215 0.5514325 0.04003905 0.0533855 0.324478
0 0.7055665 0.6569010000000001 0.03808595 0.0533855 0.324847
0 0.5214844 0.8710939999999999 0.04296875 0.0546875 0.344522
0 0.8779295 0.5371094 0.060547 0.0690105 0.352133
0 0.580078 0.6757810000000001 0.0488281 0.065104 0.37445
0 0.7060545 0.8665364999999999 0.0527345 0.0377604 0.382062
0 0.810547 0.8046875 0.0390625 0.046875 0.386703
0 0.714844 0.9615885000000001 0.0371094 0.050781 0.386867
0 0.8916014999999999 0.6184895 0.0390625 0.0390625 0.393614
0 0.5625 0.8151039999999999 0.04296875 0.0572915 0.395001
0 0.807617 0.5488281 0.0566405 0.063802 0.397418
0 0.8662110000000001 0.7708335000000001 0.0371094 0.03645835 0.399989
0 0.6904295 0.7558595 0.0371094 0.0455729 0.400223
0 0.569336 0.970703 0.050781 0.050781 0.402238
0 0.770508 0.798177 0.0410156 0.046875 0.41803
0 0.8115235000000001 0.63737 0.060547 0.0533855 0.428062
0 0.5239258 0.8196614999999999 0.0419922 0.066406 0.430956
0 0.8774415 0.6569010000000001 0.03808595 0.0403646 0.436806
0 0.854492 0.8033855 0.046875 0.04427085 0.448379
0 0.659668 0.8658855 0.051758 0.0625 0.460973
0 0.6591795 0.7220049999999999 0.060547 0.0481771 0.468033
0 0.7807615 0.8365885000000001 0.0498047 0.0403646 0.470085
0 0.664551 0.6777345 0.04589845 0.0403646 0.472162
0 0.680176 0.9381510000000001 0.0419922 0.0559895 0.48416
0 0.8623045 0.8932289999999999 0.0546875 0.0729165 0.493758
0 0.54003905 0.546875 0.0683595 0.0833335 0.52499
1 0.6884764999999999 0.5253906 0.058594 0.0481771 0.587518
0 0.683594 0.8079424999999999 0.04296875 0.061198 0.598213
