1 0.4558595 0.4714675 0.0726565 0.057065 0.395268
1 0.46523450000000005 0.435462 0.064844 0.0747285 0.623474
1 0.909375 0.3702445 0.028125 0.0394022 0.267589
1 0.9433595 0.4673915 0.04453125 0.059782499999999995 0.295407
0 0.9714845000000001 0.3464675 0.03671875 0.054348 0.305523
1 0.9640625 0.334239 0.04375 0.0815215 0.312436
1 0.8542970000000001 0.3138585 0.04296875 0.054348 0.343012
0 0.9441404999999999 0.4653535 0.050781 0.066576 0.390676
0 0.8128905 0.2900815 0.03671875 0.0502715 0.409074
0 0.815625 0.480299 0.0375 0.0394022 0.423018
0 0.8527345000000001 0.318614 0.03984375 0.0557065 0.453273
0 0.964844 0.4184785 0.0390625 0.059782499999999995 0.456552
0 0.8257815000000001 0.398098 0.078125 0.0815215 0.488676
0 0.3257815 0.8328805000000001 0.0484375 0.067935 0.33064
0 0.45351550000000007 0.5767665 0.0929685 0.1535325 0.331529
1 0.458594 0.5713315 0.0765625 0.1317935 0.44751
1 0.46015649999999997 0.685462 0.0671875 0.1100545 0.631693
0 0.8898440000000001 0.5387228000000001 0.0453125 0.04211955 0.326254
0 0.8421875 0.5849185 0.0390625 0.052988999999999994 0.554622
0 0.8152345000000001 0.6345109999999999 0.03671875 0.057065 0.619527
