0 0.3890625 0.585598 0.115625 0.1684785 0.25321
1 0.465625 0.7044835 0.065625 0.0747285 0.256579
0 0.1296875 0.9048915 0.0546875 0.067935 0.276678
1 0.45664049999999995 0.7309785000000001 0.075781 0.11684799999999998 0.458256
1 0.45742200000000005 0.8620924999999999 0.0726565 0.1942935 0.475061
0 0.894531 0.365489 0.028125 0.04076085 0.253828
1 0.9640625 0.4205165 0.0453125 0.066576 0.254291
0 0.7980470000000001 0.3546195 0.03828125 0.057065 0.320882
0 0.9445315000000001 0.466712 0.0484375 0.0638585 0.349788
1 0.9507815000000001 0.3172555 0.071875 0.107337 0.350812
0 0.966797 0.4191575 0.03984375 0.0638585 0.355629
0 0.826172 0.39606 0.066406 0.0747285 0.372344
0 0.8074220000000001 0.4096465 0.04296875 0.04483695 0.403905
0 0.8539059999999999 0.3158965 0.0375 0.052988999999999994 0.407529
0 0.8128905 0.289402 0.03515625 0.04891305 0.444438
0 0.560156 0.2785325 0.1203125 0.1494565 0.447018
0 0.8160155 0.4816575 0.03828125 0.0366848 0.457218
0 0.4515625 0.283288 0.096875 0.1317935 0.265114
0 0.8914059999999999 0.5387228000000001 0.0453125 0.04483695 0.303631
0 0.8421875 0.5842390000000001 0.0375 0.0516305 0.588338
0 0.8148434999999999 0.632473 0.0375 0.0557065 0.739569
