0 0.479297 0.7065214999999999 0.03984375 0.1548915 0.274052
1 0.4765625 0.7194294999999999 0.046875 0.177989 0.278427
0 0.135156 0.9048915 0.059375 0.0652175 0.386438
1 0.9566405 0.3464675 0.060156 0.0652175 0.256644
0 0.8351565000000001 0.4130435 0.0296875 0.04076085 0.293268
1 0.9066405 0.3716035 0.03984375 0.0394022 0.303131
0 0.564844 0.396739 0.1296875 0.173913 0.320889
0 0.5640625 0.277174 0.128125 0.1358695 0.360173
0 0.8054684999999999 0.4076085 0.034375 0.04619564999999999 0.368641
0 0.9652345 0.4130435 0.0523435 0.070652 0.370609
0 0.9445315000000001 0.4639945 0.05 0.066576 0.371557
0 0.8140625 0.2900815 0.0375 0.0502715 0.393014
0 0.815625 0.4809785 0.0375 0.0380435 0.475207
0 0.855078 0.3131795 0.03359375 0.052988999999999994 0.513467
0 0.470703 0.413723 0.058594 0.1317935 0.333254
0 0.458203 0.275136 0.0835935 0.12364149999999999 0.49714
0 0.8421875 0.5842390000000001 0.0375 0.0516305 0.556215
0 0.8148434999999999 0.6338315 0.0359375 0.0557065 0.666362
