1 0.902344 0.409505 0.0566405 0.063802 0.251111
0 0.8964845 0.36523449999999996 0.0625 0.061198 0.254595
1 0.50878905 0.1764325 0.0175781 0.0481771 0.259073
0 0.942383 0.2578125 0.02734375 0.03125 0.270854
0 0.703125 0.0136719 0.0488281 0.02734375 0.278152
0 0.661133 0.17903649999999996 0.0488281 0.0481771 0.280838
0 0.657715 0.142578 0.053711 0.050781 0.317012
0 0.961426 0.4108075 0.0439453 0.061198 0.357201
0 0.6049805 0.26888 0.053711 0.050781 0.370213
0 0.8916014999999999 0.3365885 0.0546875 0.0481771 0.411433
0 0.7822264999999999 0.125651 0.0488281 0.04296875 0.428073
0 0.9848635 0.394531 0.03027345 0.046875 0.433283
0 0.6538085 0.294271 0.0498047 0.0390625 0.447841
0 0.945801 0.3483075 0.04589845 0.050781 0.484879
0 0.632324 0.3990885 0.055664 0.063802 0.489788
0 0.957031 0.234375 0.03125 0.0390625 0.497834
0 0.629883 0.158854 0.050781 0.078125 0.537732
0 0.805176 0.215495 0.055664 0.082031 0.544359
0 0.5932615 0.03125 0.053711 0.059896 0.551127
0 0.8374025 0.154297 0.0498047 0.058594 0.558476
0 0.904297 0.4108075 0.0527345 0.058594 0.569087
0 0.7905275 0.3027345 0.0615235 0.0690105 0.583757
0 0.929199 0.234375 0.0341797 0.03385415 0.586654
0 0.620117 0.078125 0.046875 0.065104 0.604623
0 0.7504885 0.363281 0.0771485 0.0703125 0.607005
0 0.7587889999999999 0.160156 0.058594 0.0572915 0.617694
0 0.57959 0.152344 0.0595705 0.0729165 0.628033
0 0.7319335 0.0546875 0.04785155 0.0625 0.628211
0 0.807617 0.40039050000000004 0.0527345 0.076823 0.644931
0 0.604004 0.3489585 0.0615235 0.0859375 0.661306
0 0.0981445 0.1191405 0.02441405 0.0299479 0.258361
0 0.2441405 0.0091146 0.0488281 0.01822915 0.278448
0 0.2841795 0.0097656 0.0566405 0.0169271 0.283062
0 0.119629 0.48763 0.04785155 0.0221354 0.29536
0 0.307617 0.1295575 0.0546875 0.0403646 0.36369
0 0.128906 0.238281 0.050781 0.065104 0.363803
0 0.088379 0.09244800000000002 0.0283203 0.03385415 0.382165
0 0.1347655 0.341146 0.04296875 0.046875 0.404122
0 0.158203 0.02734375 0.03125 0.03385415 0.406579
0 0.0776365 0.3795575 0.03222655 0.0403646 0.41426
1 0.2788085 0.38737 0.0810545 0.066406 0.415358
0 0.470703 0.1608075 0.058594 0.074219 0.422612
0 0.1362305 0.094401 0.0263672 0.0325521 0.425778
0 0.179199 0.1953125 0.053711 0.0546875 0.439055
0 0.2558595 0.1354165 0.0449219 0.03645835 0.440568
0 0.270508 0.0527345 0.0390625 0.058594 0.443524
0 0.1987305 0.329427 0.0439453 0.03645835 0.453313
0 0.2817385 0.3893229999999999 0.083008 0.0677085 0.454905
0 0.4033205 0.154297 0.066406 0.0481771 0.455021
0 0.164551 0.0716145 0.0341797 0.04166665 0.460633
0 0.1401365 0.0559895 0.0263672 0.03125 0.467014
0 0.1313475 0.41862 0.053711 0.0559895 0.468484
0 0.1347655 0.2265625 0.03125 0.046875 0.475029
0 0.121582 0.3639325 0.0419922 0.0455729 0.48065
0 0.2436525 0.34375 0.03808595 0.03645835 0.481475
0 0.04248045 0.4231770000000001 0.03222655 0.0520835 0.49371
0 0.386719 0.3697915 0.064453 0.0885415 0.502715
0 0.430176 0.3893229999999999 0.071289 0.0885415 0.504338
0 0.0786135 0.2298175 0.03222655 0.0325521 0.515746
0 0.4350585 0.1985675 0.0634765 0.0690105 0.516646
0 0.064453 0.2076825 0.0234375 0.0325521 0.529881
0 0.26709 0.1953125 0.0361328 0.0546875 0.530317
0 0.0722655 0.136719 0.0234375 0.03125 0.542857
0 0.217285 0.389974 0.0439453 0.074219 0.568254
0 0.425293 0.091797 0.0595705 0.0690105 0.568742
0 0.1171875 0.16862 0.0292969 0.0481771 0.57296
0 0.479492 0.09505199999999998 0.0410156 0.046875 0.584431
0 0.3950195 0.2877605 0.053711 0.075521 0.59456
0 0.4555665 0.33789050000000004 0.088867 0.079427 0.623619
0 0.248047 0.29362 0.0566405 0.063802 0.638803
0 0.2163085 0.798177 0.0439453 0.075521 0.254864
0 0.279297 0.9876299999999999 0.0625 0.0221354 0.267237
0 0.379883 0.904297 0.0546875 0.0377604 0.279307
0 0.29541 0.8352864999999999 0.0771485 0.063802 0.282371
0 0.0786135 0.8958335000000001 0.057617 0.04947915 0.285924
0 0.189453 0.8483075000000001 0.0566405 0.0325521 0.291623
0 0.1342775 0.608724 0.057617 0.058594 0.300334
1 0.345703 0.9811200000000001 0.03515625 0.0377604 0.304512
1 0.1552735 0.796875 0.064453 0.0546875 0.315827
1 0.4472655 0.6451825 0.0996095 0.08463550000000002 0.349167
0 0.1157225 0.5247396 0.051758 0.046875 0.354818
0 0.1552735 0.798177 0.058594 0.04947915 0.361828
0 0.1186525 0.7278644999999999 0.0439453 0.0729165 0.363144
0 0.4379885 0.7877605 0.0498047 0.0677085 0.374615
0 0.411621 0.9225260000000001 0.04785155 0.0533855 0.384586
0 0.366211 0.857422 0.060547 0.0716145 0.407724
1 0.217285 0.795573 0.055664 0.0703125 0.442344
0 0.260254 0.6412760000000001 0.073242 0.0690105 0.450173
0 0.4658205 0.8704424999999999 0.0683595 0.066406 0.450453
0 0.1899415 0.53059895 0.0361328 0.0559895 0.46207
0 0.184082 0.628255 0.0595705 0.0533855 0.468446
1 0.425781 0.9791664999999999 0.0722655 0.04166665 0.482261
0 0.442871 0.641927 0.098633 0.080729 0.483817
0 0.0307617 0.7070310000000001 0.0361328 0.059896 0.497446
0 0.0771485 0.7539060000000001 0.0527345 0.065104 0.52665
0 0.0566405 0.8404950000000001 0.050781 0.0690105 0.563203
0 0.2060545 0.9407549999999999 0.0546875 0.074219 0.567071
0 0.2626955 0.5742189999999999 0.0683595 0.0703125 0.568217
1 0.2944335 0.8352864999999999 0.083008 0.063802 0.596881
0 0.4057615 0.8352864999999999 0.057617 0.089844 0.620604
0 0.2661135 0.9440105 0.067383 0.0703125 0.631817
0 0.380371 0.6796875 0.0654295 0.075521 0.645033
0 0.3549805 0.5989585000000001 0.0751955 0.0859375 0.650245
0 0.4160155 0.5625 0.0683595 0.0989585 0.685794
1 0.6049805 0.795573 0.071289 0.1041665 0.252223
1 0.761719 0.6705730000000001 0.0546875 0.04427085 0.266483
0 0.5839845 0.9778645 0.046875 0.04427085 0.277237
1 0.926758 0.7845049999999999 0.04296875 0.050781 0.27872
1 0.6035155 0.9101560000000001 0.0839845 0.0520835 0.289279
0 0.8442385 0.8535155 0.04589845 0.079427 0.292822
0 0.5527345 0.9759114999999999 0.0410156 0.04296875 0.313967
1 0.875 0.7688799999999999 0.0683595 0.0690105 0.316349
0 0.988281 0.610026 0.0234375 0.058594 0.318433
0 0.8413085 0.595703 0.0498047 0.058594 0.341429
0 0.8061525 0.5540365 0.057617 0.08463550000000002 0.352833
0 0.7651365 0.6686200000000001 0.051758 0.0377604 0.389715
0 0.8188475 0.814453 0.0361328 0.050781 0.396186
1 0.8466795 0.857422 0.0527345 0.076823 0.418647
0 0.607422 0.908203 0.066406 0.0481771 0.441291
0 0.770508 0.9433595 0.0449219 0.058594 0.444109
0 0.895996 0.8255210000000001 0.04589845 0.0520835 0.458159
0 0.8774415 0.767578 0.0634765 0.0690105 0.465668
0 0.664551 0.9095049999999999 0.0439453 0.050781 0.482202
0 0.8183595 0.626953 0.046875 0.058594 0.484357
0 0.8090820000000001 0.7695310000000001 0.0361328 0.0625 0.50597
0 0.6069335 0.794922 0.069336 0.11588550000000002 0.506558
0 0.6933595 0.6009115 0.050781 0.08463550000000002 0.509994
0 0.65625 0.6048175 0.058594 0.074219 0.518843
0 0.7612304999999999 0.597005 0.067383 0.061198 0.54271
0 0.714844 0.9628905 0.058594 0.063802 0.562667
0 0.7592775 0.7721355 0.0634765 0.0703125 0.575818
0 0.958496 0.577474 0.04785155 0.0559895 0.584945
0 0.613281 0.5566405 0.0839845 0.10286449999999998 0.590762
0 0.686035 0.6842450000000001 0.0615235 0.082031 0.624836
0 0.6811525 0.8339845 0.0615235 0.08723949999999998 0.643091
0 0.618164 0.6712239999999999 0.0839845 0.074219 0.6548
0 0.772949 0.841797 0.0595705 0.076823 0.659687
