1 0.769531 0.3548175 0.0449219 0.0559895 0.278975
0 0.5620115 0.0332031 0.088867 0.063802 0.279898
0 0.769531 0.356771 0.0488281 0.0546875 0.29036
0 0.614258 0.2109375 0.04296875 0.0677085 0.2929
0 0.870117 0.485026 0.046875 0.0247396 0.317718
0 0.6782225 0.1666665 0.04785155 0.03645835 0.335391
0 0.741699 0.1484375 0.0361328 0.03645835 0.345596
0 0.8564455 0.252604 0.0449219 0.03385415 0.346005
0 0.580078 0.332031 0.0527345 0.046875 0.357972
0 0.8603514999999999 0.3684895000000001 0.046875 0.046875 0.362507
0 0.5996095 0.1497395 0.04296875 0.046875 0.374584
1 0.5385742 0.375 0.053711 0.0729165 0.374651
0 0.53759765 0.3763020000000001 0.0439453 0.065104 0.379666
1 0.560547 0.4602865 0.058594 0.063802 0.380677
0 0.8090820000000001 0.371745 0.04589845 0.063802 0.408398
0 0.8134764999999999 0.075521 0.0527345 0.03385415 0.424819
0 0.52978515 0.48112 0.051758 0.0377604 0.425203
0 0.6787110000000001 0.22135399999999997 0.0449219 0.0546875 0.437506
0 0.7353514999999999 0.2076825 0.0390625 0.058594 0.449371
0 0.802246 0.314453 0.0341797 0.050781 0.460236
0 0.7099610000000001 0.173828 0.0410156 0.0533855 0.474215
0 0.808594 0.1940105 0.0371094 0.04166665 0.489699
0 0.5527345 0.1503905 0.060547 0.0533855 0.495976
0 0.770508 0.2128905 0.0410156 0.0403646 0.499081
0 0.52197265 0.325521 0.0439453 0.0390625 0.51205
0 0.708008 0.24153649999999996 0.050781 0.061198 0.535675
0 0.808594 0.2610675 0.0390625 0.058594 0.541884
0 0.572754 0.21354149999999997 0.051758 0.080729 0.596832
1 0.4628905 0.02604165 0.050781 0.04947915 0.250562
0 0.1533205 0.4615885 0.0292969 0.04296875 0.259965
0 0.42041 0.3606770000000001 0.069336 0.0703125 0.260749
0 0.2109375 0.326823 0.0410156 0.0390625 0.270136
0 0.1157225 0.4778645000000001 0.03027345 0.0390625 0.270839
0 0.4643555 0.0253906 0.053711 0.050781 0.285408
0 0.208496 0.1985675 0.0791015 0.09244800000000002 0.287494
0 0.413086 0.47851550000000004 0.066406 0.04296875 0.308308
0 0.1411135 0.3704425 0.04003905 0.0481771 0.330194
0 0.2563475 0.3053385 0.03222655 0.0403646 0.331857
0 0.455078 0.141927 0.050781 0.04947915 0.35053
0 0.1816405 0.4583335 0.03125 0.04166665 0.359881
0 0.3876955 0.2714845 0.0546875 0.0533855 0.381247
0 0.3081055 0.4765625 0.0361328 0.0390625 0.404958
0 0.425781 0.17708350000000003 0.0449219 0.059896 0.408598
0 0.190918 0.065104 0.0419922 0.04947915 0.410011
0 0.2939455 0.15625 0.0625 0.046875 0.444715
0 0.275879 0.4602865 0.051758 0.0533855 0.445608
0 0.3374025 0.207031 0.0615235 0.059896 0.469524
0 0.1030275 0.471354 0.03222655 0.03645835 0.471221
0 0.470703 0.205078 0.058594 0.079427 0.483193
0 0.138672 0.326823 0.03515625 0.0390625 0.486506
1 0.470703 0.204427 0.058594 0.080729 0.505635
0 0.442871 0.2923175 0.0634765 0.0690105 0.510693
0 0.2041015 0.35742199999999996 0.046875 0.050781 0.518563
0 0.1030275 0.3372395000000001 0.0361328 0.03385415 0.525568
0 0.1777345 0.3053385 0.0390625 0.058594 0.526733
0 0.2504885 0.3522135 0.0439453 0.061198 0.534485
0 0.292969 0.295573 0.0527345 0.0520835 0.538794
0 0.371582 0.3372395000000001 0.0595705 0.0703125 0.584923
0 0.2924805 0.222005 0.0595705 0.074219 0.589664
0 0.2211915 0.47460949999999996 0.0439453 0.0455729 0.625729
0 0.300781 0.3606770000000001 0.060547 0.0703125 0.655845
0 0.592285 0.7421875 0.04785155 0.04427085 0.250347
0 0.669922 0.970703 0.04296875 0.0299479 0.254186
0 0.5209961 0.8704424999999999 0.0419922 0.058594 0.261461
0 0.9052735000000001 0.652995 0.03515625 0.03515625 0.267375
0 0.7211915 0.6822914999999999 0.04785155 0.0520835 0.268333
0 0.5336914 0.9095049999999999 0.0615235 0.0481771 0.291109
0 0.6831055 0.9869789999999999 0.0498047 0.0234375 0.307203
0 0.791992 0.671875 0.050781 0.04427085 0.323415
0 0.57959 0.673828 0.04785155 0.0716145 0.338571
0 0.880371 0.53841145 0.053711 0.0690105 0.360469
0 0.5600585 0.9713539999999999 0.0498047 0.04947915 0.361439
0 0.715332 0.9609375 0.03808595 0.04947915 0.36479
0 0.6591795 0.8658855 0.050781 0.0625 0.368809
0 0.808594 0.5449219 0.066406 0.076823 0.376033
0 0.7060545 0.8658855 0.0546875 0.03645835 0.377282
0 0.5625 0.814453 0.0410156 0.0559895 0.381242
0 0.690918 0.7552085000000001 0.03808595 0.046875 0.384587
0 0.595215 0.5520835000000001 0.0361328 0.04947915 0.397056
0 0.8120115 0.6367189999999999 0.0595705 0.0520835 0.401496
0 0.8911135 0.6184895 0.03808595 0.0390625 0.403597
0 0.5205078 0.814453 0.0410156 0.0559895 0.408708
0 0.8662110000000001 0.7708335000000001 0.03515625 0.03645835 0.415453
0 0.811035 0.8040364999999999 0.04003905 0.0455729 0.43576
0 0.8774415 0.6569010000000001 0.03808595 0.0403646 0.441723
0 0.6591795 0.7226560000000001 0.060547 0.046875 0.474724
0 0.854004 0.8046875 0.0439453 0.03645835 0.477147
0 0.7807615 0.8372395 0.0498047 0.0390625 0.482844
0 0.864258 0.8938799999999999 0.0410156 0.0690105 0.483296
0 0.6655275 0.6777345 0.04785155 0.04296875 0.507041
0 0.680176 0.9381510000000001 0.0419922 0.0559895 0.520567
0 0.769531 0.798828 0.0390625 0.0455729 0.522082
0 0.683594 0.8085939999999999 0.0410156 0.0572915 0.571712
0 0.5395508 0.54752605 0.067383 0.082031 0.584864
1 0.688965 0.5247396 0.057617 0.04947915 0.594825
0 0.3095705 0.5214844 0.0527345 0.04296875 0.253919
0 0.440918 0.5247396 0.051758 0.046875 0.276639
1 0.434082 0.52604165 0.0615235 0.046875 0.301797
0 0.3188475 0.9459635000000001 0.0419922 0.0455729 0.30872
0 0.279785 0.6686200000000001 0.0595705 0.061198 0.332282
0 0.4311525 0.6523439999999999 0.0419922 0.046875 0.337855
0 0.1538085 0.8255210000000001 0.0419922 0.04947915 0.338287
0 0.3671875 0.7278644999999999 0.0390625 0.04947915 0.342035
0 0.083496 0.6503905 0.03027345 0.0403646 0.36783
0 0.1572265 0.6464845 0.03125 0.04296875 0.371487
0 0.229492 0.8333335000000001 0.0410156 0.04166665 0.374052
0 0.23291 0.7115885000000001 0.0498047 0.050781 0.395656
0 0.2939455 0.9257810000000001 0.0449219 0.0546875 0.407848
0 0.2807615 0.52278645 0.055664 0.04296875 0.408964
0 0.258301 0.9635414999999999 0.0439453 0.03385415 0.414739
0 0.1484375 0.6790364999999999 0.04296875 0.04296875 0.416204
0 0.453125 0.9694010000000001 0.050781 0.058594 0.425069
0 0.0878905 0.6067710000000001 0.0292969 0.0390625 0.425159
0 0.1762695 0.5455729 0.0439453 0.04427085 0.428331
0 0.182617 0.689453 0.0390625 0.0403646 0.430197
0 0.276367 0.8522135000000001 0.066406 0.058594 0.433802
0 0.119629 0.779948 0.051758 0.046875 0.438233
0 0.198242 0.6477864999999999 0.0449219 0.050781 0.465149
0 0.095703 0.7428385000000001 0.0292969 0.0403646 0.468358
0 0.121582 0.891927 0.051758 0.059896 0.484445
0 0.361328 0.860677 0.0488281 0.0520835 0.496073
0 0.1796875 0.7890625 0.046875 0.046875 0.504064
0 0.114746 0.6380210000000001 0.03808595 0.04427085 0.50723
0 0.4033205 0.890625 0.0703125 0.046875 0.508713
0 0.408203 0.8320310000000001 0.058594 0.0625 0.511115
0 0.305664 0.8216145 0.0546875 0.0520835 0.515154
0 0.411621 0.7311200000000001 0.057617 0.061198 0.517693
0 0.408203 0.9772135000000001 0.0488281 0.04296875 0.526937
0 0.2924805 0.7246095 0.0615235 0.058594 0.551638
0 0.243164 0.53841145 0.0488281 0.066406 0.572589
0 0.260742 0.7747395 0.0449219 0.065104 0.580442
