0 0.49157049999999997 0.14568 0.013569100000000002 0.055147 0.257681
1 0.247533 0.289522 0.057566 0.04963235 0.263383
0 0.379934 0.087316 0.055921000000000005 0.04963235 0.282667
0 0.106291 0.349035 0.0283717 0.04733455 0.282818
0 0.165707 0.115809 0.0542765 0.04963235 0.283697
1 0.1821545 0.3382355 0.0592105 0.03400735 0.303866
1 0.169819 0.374081 0.0501645 0.0459559 0.316656
1 0.4196135 0.3203125 0.03741775 0.056066 0.318865
0 0.3797285 0.4538145 0.0365954 0.03170955 0.3203
1 0.4346215 0.237362 0.0592105 0.0454963 0.320802
0 0.484786 0.105239 0.0238487 0.055147 0.327677
0 0.4171465 0.3193935 0.03988485 0.055147 0.339527
1 0.359375 0.1638325 0.0707235 0.0482537 0.340384
1 0.1432975 0.4788605 0.056332 0.0422794 0.342224
1 0.229235 0.466912 0.0489309 0.02849265 0.35379
1 0.4150905 0.2047335 0.05550999999999999 0.04181985 0.355783
0 0.3355265 0.077206 0.04851975 0.04319855 0.400327
1 0.263569 0.220818 0.04851975 0.04090075 0.402927
1 0.2668585 0.442555 0.0419408 0.0413603 0.406282
1 0.297286 0.336627 0.0419408 0.03630515 0.41516
1 0.0314556 0.340763 0.0505755 0.04090075 0.417159
1 0.0707235 0.3683365 0.0361842 0.0289522 0.41905
1 0.1741365 0.169577 0.05550999999999999 0.053309 0.482088
1 0.082237 0.257353 0.0419408 0.03492645 0.497242
1 0.084293 0.4765625 0.0592105 0.04319855 0.594494
1 0.3636925 0.2244945 0.078536 0.0721505 0.598801
1 0.192434 0.6578585000000001 0.057566 0.0344669 0.253232
1 0.2824835 0.7541359999999999 0.055921000000000005 0.054228 0.265261
1 0.161801 0.6330425 0.0489309 0.050092 0.265498
1 0.4907484999999999 0.7681525000000001 0.0160362 0.065717 0.270087
1 0.3692435 0.6431525 0.057566 0.057445 0.274612
1 0.079564 0.7541359999999999 0.04070725 0.04411765 0.279449
0 0.4231085 0.7711395 0.0419408 0.03492645 0.292347
0 0.24773849999999997 0.984375 0.03741775 0.0248162 0.297035
1 0.265214 0.9165900000000001 0.04358555 0.0335478 0.305838
0 0.0289885 0.7778035 0.04070725 0.0326287 0.341387
0 0.4886925 0.50850185 0.02261515 0.0170037 0.342667
0 0.181949 0.828355 0.0464638 0.04181985 0.346862
1 0.248972 0.672794 0.0415296 0.04319855 0.349115
1 0.161184 0.7003674999999999 0.051809 0.0367647 0.361892
1 0.2224505 0.6176470000000001 0.0501645 0.0477941 0.365563
1 0.327097 0.52389705 0.04564145 0.02757355 0.365841
1 0.41324 0.6617645 0.04523025 0.03492645 0.370089
1 0.0953945 0.877987 0.0501645 0.0445772 0.376205
0 0.371505 0.7722885 0.0505755 0.0436581 0.396274
1 0.0692845 0.6130515000000001 0.0505755 0.069853 0.415151
1 0.3990545 0.9317555 0.04810855 0.0436581 0.421455
0 0.0662005 0.51516545 0.06167750000000001 0.030330900000000004 0.429033
1 0.2648025 0.9554229999999999 0.0361842 0.0321691 0.466527
1 0.166324 0.767693 0.04810855 0.0491728 0.472516
1 0.1942845 0.672794 0.0448191 0.02941175 0.497423
0 0.796875 0.268612 0.0419408 0.04273895 0.262605
1 0.9122119999999999 0.3423715 0.0415296 0.030330900000000004 0.262929
1 0.5657895 0.4639245 0.03782895 0.0390625 0.26328
0 0.7366365 0.412454 0.04564145 0.03722425 0.265555
1 0.570107 0.47633249999999994 0.0497533 0.04090075 0.269308
1 0.7985195 0.266774 0.04276315 0.04090075 0.27222
1 0.9564144999999998 0.4202665 0.0394737 0.04273895 0.27837
0 0.8959705 0.268842 0.04029605 0.0367647 0.285518
1 0.8803455 0.2297795 0.06167750000000001 0.04963235 0.288227
1 0.966694 0.4517465 0.0419408 0.04319855 0.295006
1 0.8908305000000001 0.452206 0.03577305 0.0321691 0.295166
1 0.5881989999999999 0.147748 0.04235195 0.04090075 0.301261
1 0.801809 0.20818 0.0493421 0.054228 0.304231
1 0.9150905 0.4028035 0.0415296 0.03722425 0.304714
1 0.7627465 0.2954965 0.04029605 0.0376838 0.308994
1 0.5335114999999999 0.408548 0.04564145 0.0367647 0.309835
0 0.9679274999999999 0.4517465 0.0411184 0.04319855 0.322057
1 0.6648850000000001 0.2192095 0.0542765 0.04411765 0.327483
1 0.7728205 0.2424175 0.0505755 0.0445772 0.331647
0 0.8821955 0.293658 0.04070725 0.02941175 0.34335
1 0.838199 0.3246785 0.0497533 0.0381434 0.353305
1 0.5390625 0.4319855 0.0394737 0.03308825 0.353481
0 0.974918 0.3097425 0.03782895 0.0321691 0.353733
0 0.983347 0.28102 0.0308388 0.0399816 0.364707
1 0.7086760000000001 0.296645 0.0505755 0.0335478 0.365805
1 0.5298108499999999 0.2017465 0.0448191 0.04871325 0.373889
1 0.7888569999999999 0.305377 0.0448191 0.04090075 0.375181
1 0.9457234999999999 0.330193 0.03782895 0.0335478 0.383596
1 0.5651725000000001 0.201287 0.0448191 0.060662 0.389093
1 0.53577305 0.335248 0.04605265 0.04733455 0.394564
0 0.9560035000000001 0.419807 0.03042765 0.0436581 0.400407
1 0.5758635000000001 0.4129135 0.0464638 0.04090075 0.417344
1 0.8511515000000001 0.441636 0.0542765 0.03125 0.451865
1 0.703742 0.336627 0.053043 0.0326287 0.452868
1 0.7411595 0.327895 0.062911 0.0381434 0.491262
1 0.6149260000000001 0.210478 0.0522205 0.046875 0.493454
1 0.8262745 0.368566 0.0415296 0.030330900000000004 0.508137
1 0.6461760000000001 0.471048 0.04564145 0.0358456 0.529739
1 0.5448191 0.1484375 0.0526315 0.0459559 0.548036
1 0.6648850000000001 0.01953125 0.05674350000000001 0.0344669 0.561296
1 0.5407072500000001 0.0213695 0.0501645 0.04181985 0.574115
1 0.5953944999999999 0.341452 0.0386513 0.0477941 0.576024
1 0.688117 0.092831 0.062089 0.056066 0.613051
0 0.858758 0.7463234999999999 0.0415296 0.0266544 0.251628
1 0.7224505 0.789752 0.0370066 0.0344669 0.253082
0 0.9286595 0.5983455 0.04317435 0.0413603 0.256507
0 0.598684 0.8931525000000001 0.03289475 0.03079045 0.257458
0 0.6973685 0.9370404999999999 0.0493421 0.0266544 0.259253
1 0.8591694999999999 0.7534465 0.0448191 0.03722425 0.259309
0 0.5335114999999999 0.8118105 0.051398 0.0537685 0.269376
0 0.9070725000000001 0.841912 0.058387999999999995 0.0413603 0.273576
1 0.699219 0.7853859999999999 0.0365954 0.02941175 0.279795
0 0.6922285 0.9574909999999999 0.03495065 0.0335478 0.285607
1 0.722656 0.591912 0.0546875 0.04963235 0.286441
0 0.5910774999999999 0.9119945 0.0489309 0.0234375 0.287086
0 0.5150082 0.50942095 0.03001645 0.0188419 0.287351
1 0.739926 0.6144299999999999 0.03824015 0.0376838 0.290609
0 0.8959705 0.6792279999999999 0.0411184 0.02849265 0.291711
1 0.858758 0.639476 0.0448191 0.02619485 0.292624
1 0.698191 0.6447609999999999 0.0493421 0.02757355 0.292808
1 0.7101149999999999 0.654412 0.051809 0.0422794 0.295617
1 0.596217 0.8621325000000001 0.04276315 0.03952205 0.311962
1 0.8194899999999999 0.7693015000000001 0.0411184 0.03308825 0.314519
1 0.6685854999999999 0.6038605 0.04276315 0.04411765 0.315294
1 0.8176399999999999 0.627068 0.051398 0.0335478 0.324239
1 0.7446545 0.890625 0.051809 0.0367647 0.324301
0 0.6848274999999999 0.9662224999999999 0.05386500000000001 0.0454963 0.326758
1 0.717722 0.7552849999999999 0.0390625 0.03722425 0.331258
1 0.825658 0.780331 0.0386513 0.03952205 0.337508
1 0.8879524999999999 0.7863049999999999 0.03824015 0.0477941 0.341292
0 0.9418174999999999 0.7493105 0.03824015 0.03079045 0.353749
1 0.5489309 0.6661305 0.0361842 0.04733455 0.35962
0 0.9407894999999998 0.6369484999999999 0.0394737 0.04319855 0.371115
0 0.6685854999999999 0.6036305 0.0550985 0.0436581 0.371323
1 0.5291941 0.940717 0.058387999999999995 0.046875 0.373901
1 0.7668585 0.813419 0.04605265 0.0321691 0.384691
1 0.733758 0.841452 0.0464638 0.0505515 0.386467
1 0.7171055 0.6769299999999999 0.05674350000000001 0.04411765 0.39426
0 0.682566 0.9028035 0.0501645 0.04273895 0.403239
0 0.889186 0.7865349999999999 0.04235195 0.0565255 0.420509
1 0.6872945 0.73966 0.04317435 0.0381434 0.421264
1 0.5470806 0.5896140000000001 0.04070725 0.04319855 0.421939
0 0.921258 0.809513 0.0439967 0.03538605 0.427116
1 0.5672285 0.7881435 0.04317435 0.03860295 0.434082
0 0.7341695 0.9267005 0.04235195 0.04733455 0.439449
1 0.5472862000000001 0.53170955 0.0550985 0.0625 0.441543
1 0.8244245 0.7449450000000001 0.0411184 0.02941175 0.444264
1 0.6007399999999999 0.813419 0.046875 0.04319855 0.452413
1 0.861431 0.618796 0.04769735 0.0335478 0.475624
1 0.657689 0.667969 0.03577305 0.0399816 0.479386
0 0.627056 0.842601 0.03782895 0.04641545 0.48072
0 0.9081005000000001 0.6204044999999999 0.03495065 0.0367647 0.502165
0 0.9017270000000001 0.6578585000000001 0.027960549999999997 0.02527575 0.506637
1 0.8550575000000001 0.8244484999999999 0.051398 0.0376838 0.516096
0 0.5466694 0.53056065 0.064556 0.06112150000000001 0.544007
1 0.5287829000000001 0.888327 0.04769735 0.053309 0.547357
