0 0.491276 0.7697609999999999 0.01328125 0.0670955 0.252362
1 0.391797 0.9069395 0.0622395 0.0877755 0.259777
0 0.415755 0.659237 0.0393229 0.0454963 0.261895
0 0.384245 0.8331799999999999 0.04609375 0.046875 0.273921
0 0.4902345 0.6371785 0.01484375 0.089614 0.274911
0 0.183854 0.827895 0.04739585 0.04273895 0.287401
1 0.165495 0.7683825000000001 0.058594 0.054228 0.300455
0 0.24648449999999997 0.669807 0.0658855 0.0528495 0.304758
0 0.268099 0.913373 0.051823 0.0528495 0.305694
0 0.2510415 0.982307 0.03854165 0.0234375 0.309285
0 0.0653645 0.51493565 0.0614585 0.0298713 0.318964
0 0.371224 0.772748 0.060677 0.0537685 0.319636
0 0.328646 0.5209099500000001 0.04947915 0.04090075 0.333256
0 0.424479 0.7796414999999999 0.04114585 0.05193 0.34602
0 0.385026 0.8922335000000001 0.0481771 0.057445 0.35591
0 0.03203125 0.779182 0.05625 0.04181985 0.367341
0 0.16080750000000002 0.6371785 0.057552 0.075827 0.380833
1 0.369401 0.642923 0.0684895 0.0744485 0.384711
0 0.264974 0.955193 0.0466146 0.0381434 0.413841
0 0.1609375 0.7003674999999999 0.0635415 0.04411765 0.421154
0 0.3016925 0.3357075 0.0361979 0.0436581 0.256819
0 0.169271 0.374081 0.0739585 0.046875 0.259248
0 0.130599 0.4742645 0.03515625 0.03860295 0.260599
0 0.233073 0.4609375 0.058854 0.0367647 0.267511
0 0.17539050000000003 0.1670495 0.0471354 0.057445 0.271807
0 0.197005 0.421875 0.0403646 0.059742500000000004 0.283822
0 0.0841145 0.2568935 0.04010415 0.046875 0.286167
0 0.34401050000000005 0.162684 0.058854 0.04871325 0.289482
0 0.1190105 0.420037 0.04322915 0.04503675 0.294937
0 0.433203 0.2410385 0.060677 0.0546875 0.312685
0 0.1828125 0.3359375 0.088021 0.0367647 0.320094
0 0.172005 0.216452 0.0455729 0.04319855 0.326942
0 0.38125 0.162684 0.0421875 0.059742500000000004 0.344473
0 0.1053385 0.408548 0.0419271 0.0358456 0.349419
0 0.26862 0.441636 0.0403646 0.04963235 0.351463
0 0.1464845 0.2392005 0.0440104 0.0491728 0.356083
0 0.1652345 0.113511 0.0434896 0.0514705 0.357569
0 0.3690105 0.2247245 0.0875 0.076287 0.372211
0 0.486979 0.107307 0.0234375 0.058364 0.392896
1 0.1734375 0.1684285 0.0520835 0.0537685 0.413231
0 0.264974 0.221048 0.0554685 0.0413603 0.41475
1 0.0346354 0.3444395 0.0541665 0.04733455 0.433779
1 0.08763 0.47817099999999996 0.0533855 0.0436581 0.472285
0 0.379297 0.4517465 0.04609375 0.0376838 0.485302
0 0.4201825 0.319623 0.03359375 0.06020199999999999 0.50908
0 0.38112 0.087546 0.04609375 0.051011 0.51851
0 0.107422 0.348116 0.02734375 0.04273895 0.524123
0 0.333854 0.076287 0.053125 0.0505515 0.548954
0 0.815625 0.2171415 0.0359375 0.0390625 0.255441
1 0.683724 0.448759 0.0419271 0.0436581 0.261463
1 0.5498698 0.26034 0.0424479 0.065717 0.264592
1 0.8098960000000001 0.2130055 0.04583335 0.04641545 0.268547
0 0.7065105 0.141774 0.04739585 0.05193 0.289159
0 0.9785155 0.3099725 0.0278646 0.0390625 0.291386
1 0.5311198 0.202206 0.04609375 0.0588235 0.29296
0 0.5821615 0.4816175 0.0419271 0.0367647 0.294206
0 0.9703125 0.452206 0.04375 0.0404412 0.296097
0 0.7177085000000001 0.2931985 0.02708335 0.0376838 0.299503
0 0.5921875 0.1484375 0.04635415 0.04411765 0.304038
1 0.5385416500000001 0.415671 0.04895835 0.0445772 0.30458
0 0.923047 0.401884 0.0377604 0.0381434 0.311056
1 0.6713539999999999 0.215763 0.0604165 0.0537685 0.312699
0 0.9869789999999999 0.2858455 0.02447915 0.0579045 0.317576
1 0.54427085 0.02642465 0.0578125 0.0528495 0.324813
0 0.777995 0.2454045 0.050781 0.0422794 0.349574
0 0.8960940000000001 0.446921 0.04375 0.0556065 0.356818
0 0.5523435 0.262638 0.04739585 0.066636 0.360803
0 0.7451825 0.408548 0.0315104 0.0321691 0.361342
1 0.7450519999999999 0.3265165 0.0541665 0.0390625 0.362737
1 0.6519530000000001 0.4721965 0.04296875 0.04181985 0.373101
1 0.6134115 0.20841 0.0528645 0.059282999999999995 0.38582
1 0.59375 0.339614 0.04114585 0.061581000000000004 0.394185
1 0.5480468999999999 0.1465995 0.0528645 0.059742500000000004 0.405658
1 0.577474 0.4191175 0.04609375 0.0514705 0.405697
1 0.5634115000000001 0.201287 0.0486979 0.0588235 0.41268
0 0.5493489500000001 0.151884 0.0627605 0.05193 0.414031
1 0.5341146 0.337316 0.053125 0.04871325 0.449269
1 0.7920575 0.308134 0.050781 0.0482537 0.464821
0 0.8579425 0.441866 0.0533855 0.0390625 0.469141
1 0.7054685 0.3370865 0.03333335 0.04181985 0.469766
1 0.6915365 0.091682 0.058073 0.0629595 0.518432
0 0.958854 0.420956 0.03125 0.0459559 0.545379
1 0.671224 0.02159925 0.0570315 0.0404412 0.591764
1 0.9481769999999999 0.324908 0.03697915 0.0413603 0.609766
1 0.740104 0.6171875 0.053125 0.03400735 0.253754
1 0.7221355 0.753217 0.04375 0.053309 0.255233
0 0.902604 0.747932 0.03229165 0.0381434 0.258
0 0.738802 0.923713 0.040625 0.04503675 0.260278
1 0.5346354000000001 0.6277575000000001 0.061979 0.102022 0.266492
0 0.5964845000000001 0.9113049999999999 0.0523435 0.04871325 0.268221
1 0.736849 0.9244025000000001 0.0419271 0.04090075 0.269527
0 0.6867185 0.9646140000000001 0.0515625 0.04871325 0.26973
0 0.9321614999999999 0.5985755 0.0330729 0.0390625 0.278592
0 0.730469 0.5882355 0.04739585 0.04963235 0.283172
0 0.8666664999999999 0.619715 0.04583335 0.0335478 0.288842
1 0.829297 0.752987 0.0528645 0.04641545 0.288856
1 0.7653645 0.8058365 0.04479165 0.0565255 0.293627
1 0.54752605 0.533318 0.061719 0.066636 0.299087
1 0.6839844999999999 0.640855 0.0424479 0.0344669 0.29954
1 0.6746095000000001 0.6034005 0.054427 0.0588235 0.307848
0 0.9059895 0.657399 0.02708335 0.03079045 0.320912
0 0.5337239500000001 0.8120404999999999 0.0419271 0.059742500000000004 0.32669
0 0.88138 0.6631435 0.03046875 0.03125 0.328143
0 0.8930989999999999 0.7892925 0.0377604 0.0537685 0.332023
0 0.683594 0.903033 0.040625 0.04871325 0.344898
1 0.5683595 0.7860755 0.051302 0.04181985 0.350831
0 0.6567710000000001 0.934513 0.052604 0.0546875 0.352755
1 0.7404949999999999 0.841452 0.0627605 0.0735295 0.364382
1 0.7484375 0.891544 0.04895835 0.0477941 0.373649
1 0.5694009999999999 0.8382355 0.0466146 0.061581000000000004 0.374248
0 0.9109375 0.6213234999999999 0.0375 0.03860295 0.37582
0 0.9036460000000001 0.6776195 0.03125 0.0234375 0.399263
1 0.660026 0.6693475 0.0330729 0.0436581 0.406174
1 0.7153645 0.653263 0.0541665 0.0454963 0.406526
1 0.6039065 0.8644299999999999 0.0541665 0.0505515 0.408807
1 0.8585940000000001 0.8255974999999999 0.046875 0.04273895 0.411241
0 0.6716145 0.6020220000000001 0.05625 0.053309 0.413595
1 0.603646 0.811351 0.04270835 0.0436581 0.424483
0 0.9444009999999999 0.6401654999999999 0.0388021 0.04411765 0.427155
1 0.6910155000000001 0.7389705000000001 0.04765625 0.0422794 0.433881
0 0.9058594999999999 0.8400734999999999 0.0356771 0.04319855 0.445746
0 0.54752605 0.52849265 0.058073 0.0569855 0.458892
0 0.629427 0.842601 0.03645835 0.050092 0.479469
0 0.9283855 0.8074450000000001 0.046875 0.0367647 0.492529
1 0.5299479 0.8880974999999999 0.05625 0.0565255 0.495602
1 0.5311198 0.9388785000000001 0.0622395 0.0413603 0.51601
0 0.9453125 0.75 0.03125 0.0321691 0.529927
