0 0.418457 0.361979 0.0634765 0.0677085 0.258269
0 0.413086 0.47851550000000004 0.066406 0.04296875 0.282661
0 0.152832 0.4602865 0.03027345 0.0403646 0.302457
0 0.2285155 0.204427 0.0449219 0.0520835 0.305568
0 0.3603515 0.173828 0.060547 0.0455729 0.30905
0 0.2089845 0.19466149999999996 0.076172 0.074219 0.317598
0 0.4643555 0.02604165 0.051758 0.0520835 0.325026
0 0.2558595 0.3040365 0.03125 0.0377604 0.326537
0 0.211426 0.326172 0.04003905 0.0377604 0.343979
0 0.4213865 0.0188802 0.04785155 0.0377604 0.355813
0 0.166504 0.3697915 0.03222655 0.059896 0.363607
0 0.294922 0.154297 0.0625 0.04296875 0.371518
0 0.4560545 0.141927 0.0449219 0.046875 0.390024
0 0.191406 0.065104 0.04296875 0.04947915 0.393414
0 0.386719 0.26237 0.046875 0.0403646 0.393535
0 0.470703 0.20572899999999997 0.058594 0.080729 0.433027
1 0.4711915 0.204427 0.057617 0.080729 0.443845
0 0.1816405 0.4583335 0.03125 0.04166665 0.45326
0 0.3081055 0.4759115 0.0361328 0.0377604 0.462254
0 0.426758 0.173177 0.046875 0.0677085 0.477314
0 0.1411135 0.36914050000000004 0.0341797 0.0455729 0.480462
0 0.13916 0.326823 0.0341797 0.0390625 0.489598
0 0.276367 0.4596354999999999 0.050781 0.0520835 0.508496
0 0.105469 0.33789050000000004 0.03515625 0.0299479 0.51615
0 0.334961 0.20572899999999997 0.050781 0.0625 0.538967
0 0.2036135 0.3580729999999999 0.04785155 0.04947915 0.54186
0 0.102539 0.471354 0.0332031 0.03385415 0.54679
0 0.442871 0.2916665 0.0654295 0.0677085 0.558658
0 0.292969 0.295573 0.0527345 0.0520835 0.568979
0 0.1777345 0.3046875 0.0371094 0.0572915 0.569444
0 0.2504885 0.3522135 0.0439453 0.061198 0.593918
0 0.293457 0.21809899999999996 0.0634765 0.082031 0.620346
0 0.3754885 0.3372395000000001 0.0634765 0.075521 0.639405
0 0.2211915 0.47460949999999996 0.0439453 0.0455729 0.65977
0 0.3012695 0.3606770000000001 0.0595705 0.0703125 0.667857
0 0.6435545 0.0279948 0.046875 0.0481771 0.252589
0 0.6118165 0.2089845 0.0439453 0.066406 0.260424
0 0.6787110000000001 0.16862 0.0566405 0.0377604 0.274697
0 0.5625 0.0325521 0.0878905 0.065104 0.295617
0 0.59375 0.486979 0.060547 0.0234375 0.321302
0 0.869629 0.4856770000000001 0.04785155 0.02604165 0.321462
0 0.8603514999999999 0.3678385 0.0488281 0.0455729 0.346484
1 0.679199 0.311198 0.051758 0.0677085 0.35372
0 0.7973635 0.315104 0.03808595 0.04427085 0.356136
0 0.7412110000000001 0.1477865 0.0371094 0.03515625 0.362435
0 0.8115235000000001 0.076172 0.046875 0.03515625 0.403748
0 0.7700195000000001 0.21354149999999997 0.0419922 0.04166665 0.425128
0 0.769531 0.3580729999999999 0.046875 0.0520835 0.433894
0 0.5283203 0.4791665 0.0546875 0.0390625 0.434647
0 0.8095705 0.3704425 0.046875 0.066406 0.456893
0 0.560547 0.4602865 0.060547 0.063802 0.458854
0 0.599121 0.1490885 0.0439453 0.0481771 0.468811
0 0.5791015 0.33138 0.0488281 0.0455729 0.471976
0 0.551758 0.1516925 0.0566405 0.050781 0.475581
0 0.8081054999999999 0.1940105 0.04003905 0.04427085 0.479429
0 0.7338865 0.207031 0.03808595 0.0520835 0.479945
0 0.7099610000000001 0.173177 0.04296875 0.0546875 0.479955
0 0.854492 0.251302 0.04296875 0.03645835 0.484754
0 0.677246 0.3125 0.053711 0.065104 0.493712
0 0.676758 0.21940100000000004 0.04296875 0.0533855 0.498408
1 0.695801 0.410156 0.057617 0.0703125 0.501147
0 0.52197265 0.325521 0.0439453 0.0390625 0.509324
0 0.6962889999999999 0.4108075 0.060547 0.0690105 0.513229
0 0.54003905 0.375651 0.0546875 0.074219 0.545714
0 0.808594 0.261719 0.0371094 0.0572915 0.562344
0 0.6396485000000001 0.40820300000000004 0.0546875 0.089844 0.589539
0 0.7075195 0.24153649999999996 0.0498047 0.058594 0.599942
0 0.617676 0.313802 0.057617 0.078125 0.622801
0 0.572754 0.2128905 0.051758 0.079427 0.662514
0 0.7192385 0.6907549999999999 0.04785155 0.061198 0.252932
0 0.70459 0.652995 0.04003905 0.0559895 0.256352
0 0.5493164 0.7428385000000001 0.04785155 0.0559895 0.256442
0 0.8066405 0.7005210000000001 0.0625 0.046875 0.26
0 0.682129 0.9869789999999999 0.0498047 0.0234375 0.260962
0 0.592285 0.7421875 0.04785155 0.04427085 0.269026
0 0.791992 0.6705730000000001 0.0527345 0.04427085 0.26961
0 0.54833985 0.6614585000000001 0.03222655 0.04947915 0.299037
0 0.669922 0.970703 0.0449219 0.0299479 0.313501
0 0.5214844 0.8710939999999999 0.04296875 0.0546875 0.334519
0 0.5336914 0.908203 0.0634765 0.0481771 0.33778
0 0.595215 0.5520835000000001 0.04003905 0.0520835 0.366563
0 0.6904295 0.7558595 0.0371094 0.0455729 0.37565
0 0.8916014999999999 0.6178385 0.0390625 0.0403646 0.387386
0 0.8784179999999999 0.53841145 0.057617 0.0690105 0.391007
0 0.8662110000000001 0.7714845 0.0371094 0.0377604 0.393883
0 0.811035 0.8040364999999999 0.04003905 0.0455729 0.396008
0 0.7158205 0.9615885000000001 0.0449219 0.0533855 0.400285
0 0.7060545 0.8678385000000001 0.050781 0.0403646 0.41085
0 0.8115235000000001 0.6360675 0.060547 0.0533855 0.417039
0 0.5688475 0.970703 0.0498047 0.0481771 0.420468
0 0.5620115 0.8157549999999999 0.0419922 0.058594 0.431314
0 0.770508 0.798828 0.04296875 0.0455729 0.433152
0 0.854004 0.8033855 0.04589845 0.04427085 0.443326
0 0.8774415 0.6569010000000001 0.03808595 0.0403646 0.444277
0 0.680176 0.9381510000000001 0.0419922 0.0559895 0.457215
0 0.5234375 0.8196614999999999 0.04296875 0.066406 0.459446
0 0.7802735000000001 0.8365885000000001 0.050781 0.0403646 0.466485
0 0.57959 0.6764325000000001 0.0498047 0.066406 0.469006
0 0.6650389999999999 0.6777345 0.046875 0.04296875 0.470889
0 0.659668 0.7226560000000001 0.0615235 0.04947915 0.477077
0 0.807129 0.55013 0.053711 0.061198 0.488509
0 0.6591795 0.8645835000000001 0.050781 0.065104 0.502111
0 0.8623045 0.8932289999999999 0.050781 0.0729165 0.510458
1 0.6884764999999999 0.52604165 0.058594 0.04947915 0.518066
0 0.683594 0.8079424999999999 0.04296875 0.061198 0.603664
0 0.54052735 0.546875 0.071289 0.0833335 0.646661
0 0.4833985 0.8658855 0.0332031 0.065104 0.259093
0 0.319824 0.9466145 0.0439453 0.04427085 0.288888
0 0.1538085 0.8248700000000001 0.0439453 0.0533855 0.304443
0 0.307129 0.9804689999999999 0.069336 0.0390625 0.32104
0 0.182617 0.6901039999999999 0.0410156 0.04166665 0.338422
0 0.229004 0.8326825000000001 0.0419922 0.04296875 0.347295
0 0.315918 0.5234375 0.04589845 0.04166665 0.35677
0 0.267578 0.6555989999999999 0.060547 0.079427 0.361311
0 0.1567385 0.6464845 0.03222655 0.04296875 0.37808
0 0.258301 0.9635414999999999 0.04785155 0.0390625 0.389357
0 0.095703 0.7434894999999999 0.03125 0.04166665 0.390257
0 0.147949 0.6790364999999999 0.0419922 0.04296875 0.420624
0 0.430664 0.6523439999999999 0.04296875 0.04427085 0.420978
0 0.2338865 0.7109375 0.051758 0.0546875 0.429123
0 0.1220705 0.891927 0.0546875 0.0625 0.434242
0 0.293457 0.9257810000000001 0.04785155 0.0546875 0.434501
0 0.3671875 0.7272135000000001 0.0390625 0.0481771 0.451671
0 0.086914 0.607422 0.02734375 0.0377604 0.455371
0 0.198242 0.6484375 0.0449219 0.0520835 0.458817
0 0.0825195 0.6510414999999999 0.03027345 0.0390625 0.465968
0 0.1186525 0.779297 0.0498047 0.0455729 0.47279
0 0.2817385 0.5234375 0.04785155 0.04166665 0.474975
0 0.175293 0.5449219 0.04589845 0.0455729 0.47735
0 0.4521485 0.970052 0.050781 0.059896 0.493628
0 0.407715 0.9772135000000001 0.0498047 0.04296875 0.520936
0 0.175781 0.7864585000000001 0.0546875 0.0546875 0.527148
0 0.440918 0.5247396 0.04785155 0.046875 0.529023
0 0.277344 0.8522135000000001 0.066406 0.058594 0.534409
0 0.361328 0.859375 0.0488281 0.0520835 0.534487
0 0.114746 0.6380210000000001 0.0361328 0.04427085 0.540941
0 0.292969 0.7246095 0.0625 0.058594 0.556113
0 0.402344 0.889323 0.0722655 0.04947915 0.585304
0 0.2436525 0.5371094 0.0498047 0.066406 0.588648
0 0.260742 0.7747395 0.046875 0.0625 0.589677
0 0.411133 0.7298174999999999 0.0566405 0.061198 0.593718
0 0.305664 0.8209635000000001 0.0566405 0.050781 0.597709
0 0.408203 0.8320310000000001 0.060547 0.0625 0.607083
