0 0.3100585 0.52083335 0.051758 0.04166665 0.259054
0 0.3188475 0.9466145 0.0419922 0.04427085 0.279912
0 0.440918 0.5253906 0.051758 0.0481771 0.287391
1 0.4345705 0.5266927 0.060547 0.0481771 0.309189
0 0.2788085 0.6686200000000001 0.0595705 0.061198 0.315377
0 0.4311525 0.652995 0.0419922 0.0481771 0.334176
0 0.154297 0.826172 0.0410156 0.0481771 0.354522
0 0.1567385 0.6464845 0.03027345 0.04296875 0.364462
0 0.0825195 0.6510414999999999 0.03027345 0.04166665 0.371491
0 0.3671875 0.7278644999999999 0.0390625 0.04947915 0.375582
0 0.119629 0.7805989999999999 0.053711 0.0481771 0.380777
0 0.229004 0.8333335000000001 0.04003905 0.04166665 0.39175
0 0.2939455 0.9264325000000001 0.0449219 0.0559895 0.396224
0 0.453125 0.9694010000000001 0.050781 0.058594 0.402075
0 0.258301 0.9635414999999999 0.0439453 0.03385415 0.404096
0 0.175293 0.5455729 0.0439453 0.04427085 0.413257
0 0.2333985 0.7109375 0.050781 0.0520835 0.424908
0 0.2802735 0.52278645 0.0546875 0.04296875 0.432115
0 0.2768555 0.8522135000000001 0.067383 0.058594 0.435686
0 0.0874025 0.6067710000000001 0.0283203 0.0390625 0.437429
0 0.1484375 0.6790364999999999 0.04296875 0.04296875 0.441969
0 0.198242 0.6458335000000001 0.04296875 0.046875 0.442687
0 0.182617 0.689453 0.0371094 0.0403646 0.445217
0 0.095703 0.7434894999999999 0.0292969 0.0390625 0.475684
0 0.36084 0.8600260000000001 0.04785155 0.0533855 0.479158
0 0.408203 0.8320310000000001 0.058594 0.0625 0.493587
0 0.1796875 0.7890625 0.0449219 0.04427085 0.493831
0 0.4086915 0.9765625 0.0498047 0.04427085 0.500827
0 0.402344 0.8912760000000001 0.0722655 0.0481771 0.51044
0 0.1220705 0.8945310000000001 0.0566405 0.0677085 0.513811
0 0.114746 0.6380210000000001 0.0361328 0.04427085 0.517094
0 0.305664 0.8216145 0.0546875 0.0520835 0.517856
0 0.411621 0.7311200000000001 0.057617 0.061198 0.519575
0 0.2924805 0.7239585000000001 0.0615235 0.059896 0.540796
0 0.243164 0.5377604 0.0488281 0.065104 0.562715
0 0.260254 0.7747395 0.04589845 0.065104 0.577936
0 0.614746 0.21028649999999996 0.0439453 0.0690105 0.253249
0 0.5620115 0.0332031 0.088867 0.063802 0.254395
0 0.741699 0.1490885 0.0361328 0.0377604 0.278295
0 0.7700195000000001 0.355469 0.0498047 0.0520835 0.30197
0 0.870117 0.485026 0.046875 0.0247396 0.315736
0 0.8564455 0.252604 0.0449219 0.03385415 0.321927
0 0.57959 0.332031 0.053711 0.046875 0.32456
0 0.53759765 0.37695300000000004 0.0439453 0.066406 0.327704
0 0.6782225 0.1666665 0.04785155 0.03645835 0.331547
1 0.560547 0.4596354999999999 0.058594 0.0625 0.363714
0 0.8603514999999999 0.3678385 0.046875 0.0481771 0.364364
0 0.8134764999999999 0.076172 0.0527345 0.03515625 0.374155
0 0.6782225 0.22135399999999997 0.0439453 0.0572915 0.377128
0 0.7353514999999999 0.20833350000000003 0.0410156 0.059896 0.381444
0 0.599121 0.1497395 0.0439453 0.046875 0.384409
1 0.5385742 0.375 0.053711 0.0729165 0.387956
0 0.52978515 0.48112 0.051758 0.0377604 0.399598
0 0.8090820000000001 0.371745 0.04785155 0.063802 0.422529
0 0.7099610000000001 0.173828 0.0410156 0.0533855 0.456891
0 0.8027345 0.314453 0.0332031 0.050781 0.46692
0 0.808594 0.1940105 0.0371094 0.04427085 0.475304
0 0.5527345 0.1510415 0.060547 0.0520835 0.480633
0 0.770508 0.2122395 0.0410156 0.04166665 0.491873
0 0.52197265 0.325521 0.0439453 0.0390625 0.498921
0 0.708496 0.2421875 0.051758 0.0625 0.536972
0 0.8081054999999999 0.261719 0.03808595 0.059896 0.548109
0 0.572754 0.21354149999999997 0.051758 0.080729 0.563344
0 0.463867 0.0253906 0.0527345 0.050781 0.258089
0 0.419922 0.360026 0.0703125 0.0716145 0.261471
0 0.2109375 0.326823 0.0410156 0.0390625 0.262322
0 0.413574 0.47851550000000004 0.0654295 0.04296875 0.282594
0 0.1533205 0.4622395000000001 0.0292969 0.04166665 0.284713
0 0.208496 0.19791649999999997 0.0791015 0.091146 0.297366
1 0.4628905 0.0266927 0.050781 0.0481771 0.309182
0 0.2558595 0.3046875 0.03125 0.0390625 0.332965
0 0.45459 0.141927 0.051758 0.04947915 0.335129
0 0.1816405 0.4576825 0.0292969 0.0403646 0.335503
0 0.1411135 0.3704425 0.04003905 0.0481771 0.354459
0 0.388672 0.2721355 0.0566405 0.0546875 0.378558
0 0.191406 0.064453 0.0410156 0.0481771 0.381021
0 0.4277345 0.17513 0.0488281 0.0559895 0.382084
0 0.3081055 0.4765625 0.0361328 0.0390625 0.397977
0 0.2939455 0.156901 0.0625 0.0481771 0.431735
0 0.275879 0.4596354999999999 0.051758 0.0520835 0.446548
0 0.3378905 0.20638 0.060547 0.061198 0.461924
0 0.1381835 0.327474 0.0341797 0.0403646 0.471394
0 0.442871 0.2923175 0.0634765 0.0690105 0.496307
0 0.470703 0.20572899999999997 0.058594 0.078125 0.501689
1 0.470703 0.204427 0.058594 0.080729 0.511309
0 0.102051 0.47070300000000004 0.03027345 0.03515625 0.517452
0 0.2041015 0.35742199999999996 0.046875 0.050781 0.523734
0 0.1777345 0.3053385 0.0390625 0.058594 0.52953
0 0.1030275 0.3372395000000001 0.0341797 0.03385415 0.533488
0 0.2504885 0.3522135 0.0439453 0.061198 0.540515
0 0.2924805 0.295573 0.053711 0.0520835 0.543248
0 0.2924805 0.220052 0.0615235 0.078125 0.582083
0 0.371582 0.3372395000000001 0.0615235 0.0703125 0.584702
0 0.2216795 0.4752604999999999 0.04296875 0.046875 0.623052
0 0.300781 0.3606770000000001 0.060547 0.0703125 0.651167
0 0.54833985 0.6627605 0.03222655 0.0546875 0.254906
0 0.5336914 0.9088539999999999 0.0615235 0.04947915 0.256479
0 0.592285 0.7421875 0.04785155 0.04427085 0.25969
0 0.6694335 0.970703 0.0419922 0.0299479 0.261098
0 0.5214844 0.8710939999999999 0.0410156 0.0572915 0.274079
0 0.9052735000000001 0.652995 0.03515625 0.03515625 0.274373
0 0.791992 0.671875 0.050781 0.046875 0.296603
0 0.6831055 0.9869789999999999 0.0498047 0.0234375 0.305075
0 0.720703 0.6822914999999999 0.0488281 0.0520835 0.306992
0 0.57959 0.6744789999999999 0.04589845 0.0703125 0.344033
0 0.8779295 0.5377604 0.060547 0.0703125 0.344037
0 0.6591795 0.8658855 0.0488281 0.059896 0.346033
0 0.715332 0.9609375 0.03808595 0.0520835 0.358697
0 0.566406 0.970703 0.0449219 0.04296875 0.367912
0 0.7060545 0.8665364999999999 0.0546875 0.03515625 0.370901
0 0.5625 0.8151039999999999 0.0410156 0.0572915 0.375895
0 0.595215 0.5527345 0.0361328 0.0481771 0.385039
0 0.8090820000000001 0.5436198 0.069336 0.079427 0.386912
0 0.690918 0.7552085000000001 0.03808595 0.046875 0.390155
0 0.8115235000000001 0.6360675 0.060547 0.0533855 0.402666
0 0.5209961 0.814453 0.04003905 0.0559895 0.402994
0 0.8657225 0.7708335000000001 0.0341797 0.03645835 0.417844
0 0.8115235000000001 0.8040364999999999 0.0390625 0.0455729 0.422283
0 0.8774415 0.6569010000000001 0.03808595 0.0403646 0.425971
0 0.8911135 0.6191405 0.0361328 0.0403646 0.427891
0 0.659668 0.7226560000000001 0.0595705 0.046875 0.44997
0 0.8637695000000001 0.8945310000000001 0.04003905 0.0703125 0.459981
0 0.854004 0.8053385000000001 0.0419922 0.03515625 0.467041
0 0.5410156 0.5449219 0.0625 0.074219 0.472708
0 0.7807615 0.8372395 0.0498047 0.0390625 0.48234
0 0.769531 0.798828 0.0390625 0.0455729 0.517081
0 0.6655275 0.6777345 0.04785155 0.04296875 0.526945
0 0.680176 0.9381510000000001 0.0419922 0.0559895 0.53462
0 0.683594 0.8079424999999999 0.0410156 0.0559895 0.570634
1 0.688965 0.5247396 0.057617 0.04947915 0.615386
